timeTick, stateX, stateY, stateZ, stateVX, stateVY, stateVZ, whisker1_1, whisker1_2, whisker1_3, whisker2_1, whisker2_2, whisker2_3, prewhisker1_1, prewhisker1_2, prewhisker1_3, prewhisker2_1, prewhisker2_2, prewhisker2_3, MLPwhisker1, MLPwhisker2, stateouterloop, yaw, laserFront, KFwhisker1, KFwhisker2, Position X, Position Y, Position Z, yaw
28391, -0.007361822295933962, -0.009641971439123154, 0.009317494928836823, 0.006006830371916294, 0.0023550272453576326, 0.001045858720317483, 0, 0, 0, 0, 0, 0, 0, 0, 0, 0, 0, 0, 0, 0, 0, 0, 0, 0, 0, -0.7578999996185303, 0.01855931244790554, 0.4716413617134094, 0.043618171978733994
28412, -0.007887760177254677, -0.009659827686846256, 0.009622505865991116, 0.0037984061054885387, 0.0018894370878115296, 0.00234870333224535, 131611.71875, 155884.21875, 85855.5390625, 121633.2890625, 142603.265625, 103075.1484375, 0.0, 0.0, 0.0, 0.0, 0.0, 0.0, 0.0, 0.0, 0.0, 0.07231952250003815, 277.0, 0, 0, -0.7578948140144348, 0.01858728937804699, 0.4717063903808594, 0.04295137844921459
28431, -0.008002017624676228, -0.009714911691844463, 0.009670383296906948, 0.0035176638048142195, 0.0014438621001318097, 0.00237779482267797, 131618.453125, 155884.21875, 85860.3984375, 121638.3359375, 142594.671875, 103071.7734375, 0.0, 0.0, 0.0, 0.0, 0.0, 0.0, 0.0, 0.0, 0.0, 0.07172144949436188, 278.0, 0.0, 0.0, -0.7578802704811096, 0.01860589161515236, 0.4716853201389313, 0.042908281587416455
28451, -0.007932428270578384, -0.009683907963335514, 0.009847440756857395, 0.0037292146589607, 0.0015202780487015843, 0.003253745613619685, 131617.828125, 155884.21875, 85862.2890625, 121632.40625, 142600.984375, 103071.7734375, 0.0, 0.0, 0.0, 0.0, 0.0, 0.0, 0.0, 0.0, 0.0, 0.07027485966682434, 278.0, 0.0, 0.0, -0.7579948902130127, 0.018767597153782845, 0.4717094302177429, 0.044713905003633626
28471, -0.007853658869862556, -0.009653398767113686, 0.009915970265865326, 0.004065724555402994, 0.0015409187180921435, 0.003560046199709177, 131620.0625, 155884.21875, 85852.8359375, 121636.140625, 142603.265625, 103075.1484375, 0.0, 0.0, 0.0, 0.0, 0.0, 0.0, 0.0, 0.0, 0.0, 0.06923725455999374, 278.0, 0.0, 0.0, -0.7579766511917114, 0.018645623698830605, 0.47176945209503174, 0.044698348437696024
28491, -0.007770364638417959, -0.00962203647941351, 0.010004522278904915, 0.004302870482206345, 0.001541256089694798, 0.003369551384821534, 131617.828125, 155884.21875, 85862.2890625, 121628.0234375, 142613.140625, 103065.578125, 0.0, 0.0, 0.0, 0.0, 0.0, 0.0, 0.0, 0.0, 0.0, 0.0696185752749443, 305.0, 0.0, 0.0, -0.7578943967819214, 0.01862211525440216, 0.471672385931015, 0.04305612381343028
28511, -0.007902045734226704, -0.010170516557991505, 0.010076329112052917, 0.003956248983740807, -0.0005094313528388739, 0.003596494672819972, 131619.0625, 155882.3125, 85860.140625, 121627.3671875, 142606.8125, 103070.4609375, 0.0, 0.0, 0.0, 0.0, 0.0, 0.0, 0.0, 0.0, 0.0, 0.06873486936092377, 305.0, 0.0, 0.0, -0.7579840421676636, 0.018694991245865822, 0.4717607796192169, 0.0439563872263604
28531, -0.008020547218620777, -0.009691898711025715, 0.01014929823577404, 0.003599334741011262, 0.0013487304095178843, 0.0035845632664859295, 131613.96875, 155884.21875, 85857.4296875, 121629.5546875, 142605.53125, 103067.640625, 0.0, 0.0, 0.0, 0.0, 0.0, 0.0, 0.0, 0.0, 0.0, 0.06867363303899765, 275.0, 0.0, 0.0, -0.7579231858253479, 0.01860504038631916, 0.4716987609863281, 0.04350083130915923
28551, -0.007922811433672905, -0.009667801670730114, 0.00927120354026556, 0.004084775224328041, 0.001307705882936716, -0.0010169979650527239, 131624.5625, 155884.21875, 85856.359375, 121632.40625, 142599.21875, 103071.0234375, 0.0, 0.0, 0.0, 0.0, 0.0, 0.0, 0.0, 0.0, 0.0, 0.06865920126438141, 275.0, 0.0, 0.0, -0.7579510807991028, 0.01861632615327835, 0.4717160165309906, 0.04331373301222544
28571, -0.007574688643217087, -0.01017768494784832, 0.009250350296497345, 0.005997997242957354, -0.0007672936771996319, -0.0011040440294891596, 131617.828125, 155884.21875, 85866.0703125, 121631.09375, 142605.046875, 103070.265625, 0.0, 0.0, 0.0, 0.0, 0.0, 0.0, 0.0, 0.0, 0.0, 0.06669151782989502, 275.0, 0.0, 0.0, -0.757978081703186, 0.018611378967761993, 0.47173184156417847, 0.0436912929965717
28591, -0.007471117191016674, -0.010192932561039925, 0.009966566227376461, 0.006019101943820715, -0.0009532475378364325, 0.002354393247514963, 131613.96875, 155884.21875, 85861.2109375, 121623.6328125, 142600.5, 103075.7109375, 0.0, 0.0, 0.0, 0.0, 0.0, 0.0, 0.0, 0.0, 0.0, 0.06863132119178772, 306.0, 0.0, 0.0, -0.7579363584518433, 0.01871301233768463, 0.4716827869415283, 0.043538577516758
28611, -0.007977536879479885, -0.010201260447502136, 0.010019119828939438, 0.0038664271123707294, -0.0007118746871128678, 0.0024958765134215355, 131616.203125, 155888.015625, 85863.1015625, 121637.6796875, 142609.09375, 103071.0234375, 0.0, 0.0, 0.0, 0.0, 0.0, 0.0, 0.0, 0.0, 0.0, 0.06760349124670029, 306.0, 0.0, 0.0, -0.7580183148384094, 0.018742581829428673, 0.4715774953365326, 0.04561915858257466
28631, -0.007989664562046528, -0.0097214225679636, 0.010059179738163948, 0.004048662725836039, 0.0012799801770597696, 0.0023408341221511364, 131623.9375, 155884.21875, 85869.0390625, 121627.3671875, 142606.8125, 103070.265625, 0.0, 0.0, 0.0, 0.0, 0.0, 0.0, 0.0, 0.0, 0.0, 0.06494440138339996, 306.0, 0.0, 0.0, -0.7579618692398071, 0.018540402874350548, 0.47170162200927734, 0.04427281511328666
28652, -0.007906174287199974, -0.009695135988295078, 0.0101053137332201, 0.0042608049698174, 0.0014957892708480358, 0.0022415057756006718, 131620.0625, 155888.015625, 85862.2890625, 121631.09375, 142602.765625, 103070.265625, 0.0, 0.0, 0.0, 0.0, 0.0, 0.0, 0.0, 0.0, 0.0, 0.0659116581082344, 275.0, 0.0, 0.0, -0.7579931616783142, 0.018648957833647728, 0.4716627299785614, 0.04533950785963131
28671, -0.008010040037333965, -0.010202718898653984, 0.010519145056605339, 0.004085955210030079, -0.00031786359613761306, 0.004167334176599979, 131621.6875, 155886.125, 85861.2109375, 121628.8984375, 142604.546875, 103075.90625, 0.0, 0.0, 0.0, 0.0, 0.0, 0.0, 0.0, 0.0, 0.0, 0.06583069264888763, 275.0, 0.0, 0.0, -0.7579086422920227, 0.018391171470284462, 0.47173696756362915, 0.04324459653160451
28692, -0.007987035438418388, -0.01073644869029522, 0.010607080534100533, 0.004550878889858723, -0.002065384993329644, 0.004268383141607046, 131622.9375, 155888.015625, 85863.1015625, 121626.7109375, 142611.859375, 103077.7734375, 0.0, 0.0, 0.0, 0.0, 0.0, 0.0, 0.0, 0.0, 0.0, 0.06694670021533966, 275.0, 0.0, 0.0, -0.7580001354217529, 0.01872425526380539, 0.4715427756309509, 0.04503239944078485
28711, -0.008450574241578579, -0.010200702585279942, 0.009212523698806763, 0.0029931487515568733, -0.00013728250632993877, -0.0038118332158774137, 131621.6875, 155884.21875, 85863.3671875, 121629.5546875, 142607.3125, 103073.0859375, 0.0, 0.0, 0.0, 0.0, 0.0, 0.0, 0.0, 0.0, 0.0, 0.0656403973698616, 273.0, 0.0, 0.0, -0.7579741477966309, 0.01860114187002182, 0.47162938117980957, 0.04432393678710546
28732, -0.008456186391413212, -0.010676120407879353, 0.009139738976955414, 0.003267399501055479, -0.001919380621984601, -0.003385169431567192, 131612.34375, 155886.125, 85864.9921875, 121622.3203125, 142607.3125, 103062.765625, 0.0, 0.0, 0.0, 0.0, 0.0, 0.0, 0.0, 0.0, 0.0, 0.06628318876028061, 273.0, 0.0, 0.0, -0.7580045461654663, 0.018681278452277184, 0.47159543633461, 0.04559271489168485
28751, -0.00811775028705597, -0.010203089565038681, 0.009426552802324295, 0.0043217879720032215, 0.00022139091743156314, -0.0017599216662347317, 131614.578125, 155884.21875, 85869.0390625, 121631.75, 142602.765625, 103075.1484375, 0.0, 0.0, 0.0, 0.0, 0.0, 0.0, 0.0, 0.0, 0.0, 0.06692904978990555, 273.0, 0.0, 0.0, -0.7579215168952942, 0.01860967092216015, 0.47168731689453125, 0.04295494198752266
28771, -0.008573956787586212, -0.01061916071921587, 0.009390030987560749, 0.0022086689714342356, -0.0018302819225937128, -0.0017186093609780073, 131620.0625, 155882.3125, 85866.0703125, 121631.09375, 142603.265625, 103071.0234375, 0.0, 0.0, 0.0, 0.0, 0.0, 0.0, 0.0, 0.0, 0.0, 0.06623481214046478, 272.0, 0.0, 0.0, -0.7579761743545532, 0.018632808700203896, 0.47171247005462646, 0.043888934020861435
28791, -0.008554292842745781, -0.010636154562234879, 0.00937301479279995, 0.0017240273300558329, -0.0015685537364333868, -0.001684259157627821, 131623.9375, 155882.3125, 85864.1796875, 121631.09375, 142605.53125, 103075.7109375, 0.0, 0.0, 0.0, 0.0, 0.0, 0.0, 0.0, 0.0, 0.0, 0.0672270804643631, 272.0, 0.0, 0.0, -0.7579964399337769, 0.01868007704615593, 0.47165194153785706, 0.0445926994076455
28811, -0.008187256753444672, -0.010205068625509739, 0.00961813423782587, 0.003223926993086934, 0.0008314965525642037, 0.00036318774800747633, 131616.828125, 155886.125, 85866.0703125, 121633.2890625, 142611.359375, 103068.953125, 0.0, 0.0, 0.0, 0.0, 0.0, 0.0, 0.0, 0.0, 0.0, 0.06646373122930527, 272.0, 0.0, 0.0, -0.7579044699668884, 0.0187042485922575, 0.4715562164783478, 0.04276418199358492
28831, -0.008113409392535686, -0.010186082683503628, 0.009630581364035606, 0.003995985258370638, 0.0012122431071475148, 0.0006076532299630344, 131617.203125, 155884.21875, 85867.9609375, 121629.5546875, 142605.046875, 103071.7734375, 0.0, 0.0, 0.0, 0.0, 0.0, 0.0, 0.0, 0.0, 0.0, 0.06740372627973557, 275.0, 0.0, 0.0, -0.7579618096351624, 0.01861531101167202, 0.4716818034648895, 0.044628981131712216
28851, -0.008578633889555931, -0.010206939652562141, 0.0093870609998703, 0.0025576495099812746, 0.001333705149590969, -0.0006409266497939825, 131617.828125, 155886.125, 85867.1484375, 121625.171875, 142596.4375, 103072.3359375, 0.0, 0.0, 0.0, 0.0, 0.0, 0.0, 0.0, 0.0, 0.0, 0.06611134856939316, 275.0, 0.0, 0.0, -0.7579424977302551, 0.018650339916348457, 0.4716091454029083, 0.04471661991139366
28871, -0.008241699077188969, -0.010215110145509243, 0.009375429712235928, 0.003758820239454508, 0.0011519897961989045, -0.000914980482775718, 131623.9375, 155882.3125, 85872.8203125, 121627.3671875, 142607.3125, 103073.0859375, 0.0, 0.0, 0.0, 0.0, 0.0, 0.0, 0.0, 0.0, 0.0, 0.0673438161611557, 274.0, 0.0, 0.0, -0.7580123543739319, 0.018698472529649734, 0.47158604860305786, 0.04565461706848806
28891, -0.007933010347187519, -0.010554923675954342, 0.009207506664097309, 0.004627816379070282, -0.0009073715773411095, -0.002094438299536705, 131613.34375, 155884.21875, 85870.6640625, 121627.5859375, 142611.359375, 103075.1484375, 0.0, 0.0, 0.0, 0.0, 0.0, 0.0, 0.0, 0.0, 0.0, 0.06889258325099945, 274.0, 0.0, 0.0, -0.7579225301742554, 0.01874721050262451, 0.4715469479560852, 0.04316851900392582
28911, -0.008273797109723091, -0.01021069847047329, 0.009164432995021343, 0.002685167361050844, 0.00021702224330510944, -0.0022304258309304714, 131624.5625, 155888.015625, 85868.7734375, 121624.515625, 142605.53125, 103071.0234375, 0.0, 0.0, 0.0, 0.0, 0.0, 0.0, 0.0, 0.0, 0.0, 0.07111771404743195, 274.0, 0.0, 0.0, -0.7580103278160095, 0.018706873059272766, 0.4715990424156189, 0.04580916909586732
28931, -0.008224301971495152, -0.010204152204096317, 0.0090706255286932, 0.00250419182702899, 0.00015964954218361527, -0.00262732757255435, 131614.578125, 155882.3125, 85869.8515625, 121631.09375, 142604.546875, 103070.265625, 0.0, 0.0, 0.0, 0.0, 0.0, 0.0, 0.0, 0.0, 0.0, 0.07000913470983505, 274.0, 0.0, 0.0, -0.7579787969589233, 0.018634041771292686, 0.47161754965782166, 0.04446058123839293
28951, -0.00823748204857111, -0.010555877350270748, 0.009020150639116764, 0.002437179908156395, -0.0014430357841774821, -0.0024157084990292788, 131619.453125, 155884.21875, 85873.6328125, 121621.4375, 142606.8125, 103077.7734375, 0.0, 0.0, 0.0, 0.0, 0.0, 0.0, 0.0, 0.0, 0.0, 0.06977212429046631, 274.0, 0.0, 0.0, -0.7579571008682251, 0.01867601089179516, 0.4715021550655365, 0.04280722920643958
28972, -0.008197749964892864, -0.010577565990388393, 0.00936311949044466, 0.0026152189821004868, -0.0009038259158842266, 6.880551518406719e-05, 131626.796875, 155886.125, 85874.7109375, 121628.0234375, 142596.4375, 103067.640625, 0.0, 0.0, 0.0, 0.0, 0.0, 0.0, 0.0, 0.0, 0.0, 0.07044515758752823, 274.0, 0.0, 0.0, -0.7580053806304932, 0.01870003156363964, 0.4716760814189911, 0.04558274295824754
28992, -0.007892153225839138, -0.010209138505160809, 0.00936609786003828, 0.004039846360683441, 0.0013647786108776927, 0.00028062998899258673, 131620.6875, 155884.21875, 85869.8515625, 121617.9296875, 142603.265625, 103074.9609375, 0.0, 0.0, 0.0, 0.0, 0.0, 0.0, 0.0, 0.0, 0.0, 0.07098246365785599, 275.0, 0.0, 0.0, -0.7579895257949829, 0.018476072698831558, 0.47165948152542114, 0.04649755478247457
29012, -0.00823226384818554, -0.010188261047005653, 0.008862700313329697, 0.0028464426286518574, 0.0020283437334001064, -0.002439896808937192, 131618.453125, 155888.015625, 85871.7421875, 121624.515625, 142607.3125, 103074.9609375, 0.0, 0.0, 0.0, 0.0, 0.0, 0.0, 0.0, 0.0, 0.0, 0.07170254737138748, 275.0, 0.0, 0.0, -0.7579120397567749, 0.01856965199112892, 0.4716474115848541, 0.044936813663582445
29032, -0.008218374103307724, -0.010531667619943619, 0.00881009828299284, 0.003078736597672105, 0.0006259150104597211, -0.002597665647044778, 131617.828125, 155882.3125, 85871.7421875, 121626.7109375, 142602.765625, 103069.7109375, 0.0, 0.0, 0.0, 0.0, 0.0, 0.0, 0.0, 0.0, 0.0, 0.07365083694458008, 275.0, 0.0, 0.0, -0.7579904198646545, 0.018768660724163055, 0.4715086817741394, 0.044228694598567035
29052, -0.008197719231247902, -0.010163198225200176, 0.00875078421086073, 0.0031986453104764223, 0.0018315972993150353, -0.003086796263232827, 131629.046875, 155888.015625, 85874.4453125, 121619.2421875, 142605.046875, 103066.890625, 0.0, 0.0, 0.0, 0.0, 0.0, 0.0, 0.0, 0.0, 0.0, 0.07521793246269226, 304.0, 0.0, 0.0, -0.7581151723861694, 0.018596049398183823, 0.4716130495071411, 0.04692548578792678
29072, -0.007853595539927483, -0.010140804573893547, 0.009644538164138794, 0.004413349088281393, 0.0011703262571245432, 0.0018384030554443598, 131624.5625, 155886.125, 85872.8203125, 121620.78125, 142609.09375, 103068.953125, 0.0, 0.0, 0.0, 0.0, 0.0, 0.0, 0.0, 0.0, 0.0, 0.0757971853017807, 304.0, 0.0, 0.0, -0.7580825686454773, 0.018590716645121574, 0.4716704785823822, 0.04618869918477235
29091, -0.008213608525693417, -0.010135420598089695, 0.00968321505934, 0.0024612245615571737, 0.001207713852636516, 0.0019392948597669601, 131617.828125, 155886.125, 85867.6953125, 121621.4375, 142602.765625, 103066.890625, 0.0, 0.0, 0.0, 0.0, 0.0, 0.0, 0.0, 0.0, 0.0, 0.07806934416294098, 304.0, 0.0, 0.0, -0.7579347491264343, 0.018715305253863335, 0.4715585708618164, 0.04308089237757371
29111, -0.008157717064023018, -0.010112211108207703, 0.009435122832655907, 0.0022614970803260803, 0.001408476964570582, 0.00040553754661232233, 131618.453125, 155886.125, 85870.6640625, 121620.78125, 142600.984375, 103068.203125, 0.0, 0.0, 0.0, 0.0, 0.0, 0.0, 0.0, 0.0, 0.0, 0.07846898585557938, 274.0, 0.0, 0.0, -0.7580274343490601, 0.018713602796196938, 0.4716159403324127, 0.04642442526648503
29131, -0.00811027828603983, -0.010079915635287762, 0.009447583928704262, 0.002392688300460577, 0.002076362958177924, 0.0005646381760016084, 131625.5625, 155888.015625, 85876.3359375, 121624.515625, 142592.390625, 103075.1484375, 0.0, 0.0, 0.0, 0.0, 0.0, 0.0, 0.0, 0.0, 0.0, 0.07649558782577515, 274.0, 0.0, 0.0, -0.7580310106277466, 0.018444858491420746, 0.47167733311653137, 0.04608682914192581
29152, -0.008052711375057697, -0.010036587715148926, 0.009278743527829647, 0.0029325729701668024, 0.0026561678387224674, -0.0004808741214219481, 131620.0625, 155886.125, 85881.1953125, 121620.78125, 142600.984375, 103074.3984375, 0.0, 0.0, 0.0, 0.0, 0.0, 0.0, 0.0, 0.0, 0.0, 0.07563220709562302, 274.0, 0.0, 0.0, -0.7580309510231018, 0.018523523584008217, 0.4716484844684601, 0.046539652427376635
29172, -0.008564213290810585, -0.009672685526311398, 0.009266681969165802, 0.0012672864831984043, 0.004377318546175957, -0.0010857433080673218, 131621.6875, 155886.125, 85878.4921875, 121624.515625, 142604.546875, 103077.7734375, 0.0, 0.0, 0.0, 0.0, 0.0, 0.0, 0.0, 0.0, 0.0, 0.07573665678501129, 278.0, 0.0, 0.0, -0.7580767869949341, 0.01861119642853737, 0.4715454578399658, 0.04617356454658928
29193, -0.008546805009245872, -0.010580969974398613, 0.009148458018898964, 0.0020248200744390488, -0.0001906407269416377, -0.001993568381294608, 131625.5625, 155888.015625, 85873.6328125, 121623.859375, 142606.8125, 103069.7109375, 0.0, 0.0, 0.0, 0.0, 0.0, 0.0, 0.0, 0.0, 0.0, 0.07755666226148605, 278.0, 0.0, 0.0, -0.7580474615097046, 0.018702160567045212, 0.47154393792152405, 0.04687597001704583
29211, -0.007813536562025547, -0.00977659784257412, 0.009105936624109745, 0.005487664137035608, 0.0027696003671735525, -0.002420988166704774, 131617.828125, 155884.21875, 85881.1953125, 121626.0546875, 142616.40625, 103072.3359375, 0.0, 0.0, 0.0, 0.0, 0.0, 0.0, 0.0, 0.0, 0.0, 0.07798603177070618, 278.0, 0.0, 0.0, -0.7579938769340515, 0.0187321025878191, 0.47154515981674194, 0.04610268547868569
29233, -0.007946998812258244, -0.010172946378588676, 0.009011182002723217, 0.004521280061453581, 0.00038315070560202, -0.002606416353955865, 131620.6875, 155886.125, 85877.4140625, 121624.515625, 142606.8125, 103066.890625, 0.0, 0.0, 0.0, 0.0, 0.0, 0.0, 0.0, 0.0, 0.0, 0.08024626970291138, 306.0, 0.0, 0.0, -0.7580298781394958, 0.018791288137435913, 0.47152578830718994, 0.04627713608822892
29251, -0.00829352531582117, -0.010525242425501347, 0.008986196480691433, 0.0030024233274161816, -0.0012523363111540675, -0.002543114358559251, 131620.0625, 155886.125, 85877.4140625, 121626.0546875, 142604.546875, 103071.578125, 0.0, 0.0, 0.0, 0.0, 0.0, 0.0, 0.0, 0.0, 0.0, 0.07855308055877686, 306.0, 0.0, 0.0, -0.7579659819602966, 0.01869271881878376, 0.47163617610931396, 0.04461934606105347
29271, -0.00823200587183237, -0.010539424605667591, 0.008941673673689365, 0.0034775263629853725, -0.000582279113586992, -0.0018752336036413908, 131627.796875, 155884.21875, 85879.5625, 121628.2421875, 142606.8125, 103072.3359375, 0.0, 0.0, 0.0, 0.0, 0.0, 0.0, 0.0, 0.0, 0.0, 0.07846206426620483, 306.0, 0.0, 0.0, -0.757980227470398, 0.018943335860967636, 0.47141507267951965, 0.04648888735465231
29291, -0.00795033574104309, -0.010192395187914371, 0.009358620271086693, 0.005170728079974651, 0.00117293291259557, 0.0003389760968275368, 131620.6875, 155888.015625, 85881.1953125, 121622.9765625, 142597.71875, 103077.21875, 0.0, 0.0, 0.0, 0.0, 0.0, 0.0, 0.0, 0.0, 0.0, 0.07684613019227982, 277.0, 0.0, 0.0, -0.7580239176750183, 0.018805813044309616, 0.47155430912971497, 0.04736758097906282
29311, -0.008258003741502762, -0.010214928537607193, 0.009359822608530521, 0.003853539237752557, 0.0007043863879516721, -0.00023477835929952562, 131622.3125, 155884.21875, 85879.3046875, 121631.75, 142604.546875, 103073.6484375, 0.0, 0.0, 0.0, 0.0, 0.0, 0.0, 0.0, 0.0, 0.0, 0.07749468833208084, 277.0, 0.0, 0.0, -0.758018434047699, 0.018891261890530586, 0.4714581370353699, 0.04735981570494994
29331, -0.00860934890806675, -0.010221323929727077, 0.008802199736237526, 0.0020310301333665848, 0.0002730662818066776, -0.0028242391999810934, 131621.6875, 155884.21875, 85880.640625, 121626.7109375, 142605.046875, 103072.3359375, 0.0, 0.0, 0.0, 0.0, 0.0, 0.0, 0.0, 0.0, 0.0, 0.07863204181194305, 311.0, 0.0, 0.0, -0.7579042911529541, 0.0187422763556242, 0.47152140736579895, 0.04314836649211223
29351, -0.008608158677816391, -0.010531982406973839, 0.00874604843556881, 0.002419297816231847, -0.0010073925368487835, -0.0025857221335172653, 131620.6875, 155891.828125, 85876.3359375, 121625.828125, 142604.546875, 103073.6484375, 0.0, 0.0, 0.0, 0.0, 0.0, 0.0, 0.0, 0.0, 0.0, 0.07857289910316467, 311.0, 0.0, 0.0, -0.7580041885375977, 0.018649928271770477, 0.4716636836528778, 0.04606873700799047
29371, -0.008578168228268623, -0.010547012090682983, 0.00962570309638977, 0.00264187715947628, -0.0005973738734610379, 0.0027172837872058153, 131620.0625, 155882.3125, 85882.2734375, 121627.5859375, 142602.265625, 103076.4609375, 0.0, 0.0, 0.0, 0.0, 0.0, 0.0, 0.0, 0.0, 0.0, 0.07679063081741333, 311.0, 0.0, 0.0, -0.7579653859138489, 0.018655920401215553, 0.47165584564208984, 0.04563097114110171
29391, -0.007843402214348316, -0.010208549909293652, 0.009681245312094688, 0.005809092428535223, 0.000879818806424737, 0.0027672857977449894, 131626.796875, 155886.125, 85884.9765625, 121628.8984375, 142608.59375, 103078.53125, 0.0, 0.0, 0.0, 0.0, 0.0, 0.0, 0.0, 0.0, 0.0, 0.07472942769527435, 279.0, 0.0, 0.0, -0.7579528093338013, 0.018383849412202835, 0.4717218577861786, 0.0436993709628772
29411, -0.00860612466931343, -0.010529018007218838, 0.00945608876645565, 0.0020159431733191013, -0.0007500557694584131, 0.0011456148931756616, 131626.796875, 155888.015625, 85879.3046875, 121628.2421875, 142604.546875, 103074.3984375, 0.0, 0.0, 0.0, 0.0, 0.0, 0.0, 0.0, 0.0, 0.0, 0.07704100012779236, 279.0, 0.0, 0.0, -0.7579736113548279, 0.01857457309961319, 0.4716562032699585, 0.043544556265098684
29431, -0.007990861311554909, -0.010541688650846481, 0.00948631577193737, 0.005078420974314213, -0.0004342804313637316, 0.0014499325770884752, 131626.171875, 155886.125, 85878.4921875, 121622.9765625, 142598.21875, 103077.7734375, 0.0, 0.0, 0.0, 0.0, 0.0, 0.0, 0.0, 0.0, 0.0, 0.07823412120342255, 279.0, 0.0, 0.0, -0.7580579519271851, 0.018582995980978012, 0.4716816544532776, 0.04528558565473208
29452, -0.008336573839187622, -0.010539023205637932, 0.009320641867816448, 0.003465905087068677, -0.0007494965684600174, 5.858845906914212e-05, 131626.796875, 155889.921875, 85877.4140625, 121634.828125, 142602.265625, 103075.1484375, 0.0, 0.0, 0.0, 0.0, 0.0, 0.0, 0.0, 0.0, 0.0, 0.08066089451313019, 312.0, 0.0, 0.0, -0.7579814195632935, 0.018589384853839874, 0.4716304838657379, 0.0448371163898284
29472, -0.008279219269752502, -0.010283787734806538, 0.009322420693933964, 0.0037477153819054365, 0.0002415478666080162, -0.00025362661108374596, 131624.5625, 155888.015625, 85884.1640625, 121639.21875, 142596.734375, 103079.0859375, 0.0, 0.0, 0.0, 0.0, 0.0, 0.0, 0.0, 0.0, 0.0, 0.08171358704566956, 312.0, 0.0, 0.0, -0.7579963207244873, 0.018685555085539818, 0.4715844988822937, 0.045565191421516556
29491, -0.008608629927039146, -0.010289852507412434, 0.00931773241609335, 0.002281877910718322, 0.0005268094828352332, -0.0005032615154050291, 131626.796875, 155888.015625, 85882.2734375, 121626.7109375, 142597.71875, 103077.7734375, 0.0, 0.0, 0.0, 0.0, 0.0, 0.0, 0.0, 0.0, 0.0, 0.08025678247213364, 312.0, 0.0, 0.0, -0.7580175995826721, 0.018757978454232216, 0.4716091454029083, 0.0454964754804151
29512, -0.008554668165743351, -0.010276447981595993, 0.009179570712149143, 0.003037623828276992, 0.0007767175557091832, -0.0008046439033932984, 131617.828125, 155884.21875, 85886.0546875, 121634.171875, 142606.328125, 103077.21875, 0.0, 0.0, 0.0, 0.0, 0.0, 0.0, 0.0, 0.0, 0.0, 0.08159779757261276, 280.0, 0.0, 0.0, -0.7580703496932983, 0.018573909997940063, 0.4716593027114868, 0.046792139781570576
29531, -0.008226701058447361, -0.009955395013093948, 0.009164975956082344, 0.004584295209497213, 0.00173546455334872, -0.0008784370147623122, 131623.9375, 155886.125, 85887.9453125, 121638.5625, 142595.9375, 103083.96875, 0.0, 0.0, 0.0, 0.0, 0.0, 0.0, 0.0, 0.0, 0.0, 0.08236287534236908, 280.0, 0.0, 0.0, -0.7580012679100037, 0.018697351217269897, 0.4716390371322632, 0.04546137391996361
29551, -0.008179931901395321, -0.010291828773915768, 0.00908121932297945, 0.00460788095369935, -0.00016724025772418827, -0.001424454036168754, 131626.171875, 155886.125, 85885.7890625, 121631.09375, 142600.0, 103072.3359375, 0.0, 0.0, 0.0, 0.0, 0.0, 0.0, 0.0, 0.0, 0.0, 0.0833309143781662, 280.0, 0.0, 0.0, -0.7580143213272095, 0.018760766834020615, 0.4716290235519409, 0.046166730151932144
29571, -0.008117172867059708, -0.01064293272793293, 0.00905457604676485, 0.005126561038196087, -0.0017364338273182511, -0.0011747427051886916, 131623.9375, 155888.015625, 85882.0078125, 121637.0234375, 142597.71875, 103080.59375, 0.0, 0.0, 0.0, 0.0, 0.0, 0.0, 0.0, 0.0, 0.0, 0.08331906795501709, 282.0, 0.0, 0.0, -0.7579647898674011, 0.01864306442439556, 0.4716417193412781, 0.04554007598641791
29592, -0.008138070814311504, -0.01030036248266697, 0.009816132485866547, 0.005142549518495798, 0.00020008110732305795, 0.0030835638754069805, 131626.796875, 155889.921875, 85888.7578125, 121635.484375, 142600.0, 103075.7109375, 0.0, 0.0, 0.0, 0.0, 0.0, 0.0, 0.0, 0.0, 0.0, 0.08237692713737488, 282.0, 0.0, 0.0, -0.7579885125160217, 0.018698934465646744, 0.4717123210430145, 0.04482961179489068
29611, -0.007890088483691216, -0.010300030931830406, 0.009877031669020653, 0.00602358765900135, -0.0002683895581867546, 0.0029010409489274025, 131617.203125, 155886.125, 85886.0546875, 121638.3359375, 142600.984375, 103076.4609375, 0.0, 0.0, 0.0, 0.0, 0.0, 0.0, 0.0, 0.0, 0.0, 0.0820707455277443, 282.0, 0.0, 0.0, -0.757900059223175, 0.018491588532924652, 0.47172868251800537, 0.04348224134601438
29632, -0.008150503039360046, -0.010626702569425106, 0.008363916538655758, 0.004402098245918751, -0.0017826010007411242, -0.005812738556414843, 131622.3125, 155886.125, 85887.125, 121631.09375, 142606.328125, 103079.84375, 0.0, 0.0, 0.0, 0.0, 0.0, 0.0, 0.0, 0.0, 0.0, 0.08231989294290543, 314.0, 0.0, 0.0, -0.7579582929611206, 0.018693413585424423, 0.4716641902923584, 0.04487577709318781
29651, -0.008190427906811237, -0.010608446784317493, 0.008247984573245049, 0.004292713012546301, -0.001438334584236145, -0.00585815729573369, 131622.9375, 155888.015625, 85887.9453125, 121637.6796875, 142597.71875, 103078.53125, 0.0, 0.0, 0.0, 0.0, 0.0, 0.0, 0.0, 0.0, 0.0, 0.08471298217773438, 314.0, 0.0, 0.0, -0.7579772472381592, 0.01882089115679264, 0.47160103917121887, 0.04584442550506978
29671, -0.008095028810203075, -0.010634814389050007, 0.008130974136292934, 0.005094519350677729, -0.0011862227693200111, -0.00575101375579834, 131624.5625, 155884.21875, 85883.8984375, 121637.0234375, 142604.046875, 103083.96875, 0.0, 0.0, 0.0, 0.0, 0.0, 0.0, 0.0, 0.0, 0.0, 0.08497706055641174, 316.0, 0.0, 0.0, -0.7579447627067566, 0.01865026354789734, 0.47166645526885986, 0.04492624092668095
29691, -0.00813773088157177, -0.010624448768794537, 0.007552670780569315, 0.004925018176436424, -0.000888561480678618, -0.008305071853101254, 131622.3125, 155884.21875, 85896.578125, 121639.875, 142600.5, 103086.7890625, 0.0, 0.0, 0.0, 0.0, 0.0, 0.0, 0.0, 0.0, 0.0, 0.08312095701694489, 316.0, 0.0, 0.0, -0.7579777836799622, 0.01864239014685154, 0.4717140197753906, 0.044636298107372595
29711, -0.008036156184971333, -0.010644863359630108, 0.0073816534131765366, 0.005180395673960447, -0.0010886038653552532, -0.008860943838953972, 131624.5625, 155888.015625, 85880.1171875, 121631.09375, 142602.765625, 103077.21875, 0.0, 0.0, 0.0, 0.0, 0.0, 0.0, 0.0, 0.0, 0.0, 0.08430663496255875, 316.0, 0.0, 0.0, -0.7579474449157715, 0.01871502958238125, 0.47163257002830505, 0.044355632723954555
29731, -0.008072071708738804, -0.010286634787917137, 0.008306730538606644, 0.004980185069143772, 0.0004689691704697907, -0.003361486131325364, 131634.53125, 155886.125, 85892.796875, 121635.484375, 142604.546875, 103080.59375, 0.0, 0.0, 0.0, 0.0, 0.0, 0.0, 0.0, 0.0, 0.0, 0.08240120857954025, 315.0, 0.0, 0.0, -0.7580410242080688, 0.0185822993516922, 0.4716234803199768, 0.04625466264848749
29751, -0.008033794350922108, -0.010648567229509354, 0.008246288634836674, 0.00533478707075119, -0.0009714821935631335, -0.002669386100023985, 131620.0625, 155888.015625, 85890.3828125, 121639.875, 142599.5, 103080.59375, 0.0, 0.0, 0.0, 0.0, 0.0, 0.0, 0.0, 0.0, 0.0, 0.08503521978855133, 315.0, 0.0, 0.0, -0.7579838037490845, 0.01858828030526638, 0.47160717844963074, 0.04476627499179753
29771, -0.008116411976516247, -0.010643348097801208, 0.009295137599110603, 0.0046915276907384396, -0.0006990841357037425, 0.002594077493995428, 131626.796875, 155882.3125, 85892.5390625, 121637.0234375, 142602.265625, 103082.65625, 0.0, 0.0, 0.0, 0.0, 0.0, 0.0, 0.0, 0.0, 0.0, 0.08501013368368149, 315.0, 0.0, 0.0, -0.7579880952835083, 0.018675003200769424, 0.4716150462627411, 0.04610919680461693
29791, -0.008095728233456612, -0.010349943302571774, 0.009345250204205513, 0.0048417686484754086, 0.0002628900983836502, 0.0022036645095795393, 131625.171875, 155886.125, 85894.4296875, 121635.484375, 142600.0, 103079.28125, 0.0, 0.0, 0.0, 0.0, 0.0, 0.0, 0.0, 0.0, 0.0, 0.0819360688328743, 314.0, 0.0, 0.0, -0.7580175399780273, 0.018711667507886887, 0.4716447591781616, 0.04509345860180491
29811, -0.00798257440328598, -0.010353467427194118, 0.008837036788463593, 0.00524509372189641, -5.775159479526337e-07, -0.0012949168449267745, 131623.9375, 155889.921875, 85886.0546875, 121639.21875, 142601.28125, 103082.65625, 0.0, 0.0, 0.0, 0.0, 0.0, 0.0, 0.0, 0.0, 0.0, 0.08176561444997787, 314.0, 0.0, 0.0, -0.7580514550209045, 0.018576398491859436, 0.4716598689556122, 0.04625304878805571
29831, -0.0078760189935565, -0.01035685371607542, 0.008815228007733822, 0.005427267402410507, 0.00011271156108705327, -0.0010773743269965053, 131622.3125, 155886.125, 85893.3515625, 121637.6796875, 142598.21875, 103084.7265625, 0.0, 0.0, 0.0, 0.0, 0.0, 0.0, 0.0, 0.0, 0.0, 0.08310765773057938, 314.0, 0.0, 0.0, -0.7580305933952332, 0.01870553381741047, 0.4716704487800598, 0.045072016946126184
29851, -0.008354023098945618, -0.010363968089222908, 0.009261536411941051, 0.0031196409836411476, 0.0007346949423663318, 0.0017787253018468618, 131618.453125, 155889.921875, 85896.3203125, 121637.6796875, 142600.5, 103081.34375, 0.0, 0.0, 0.0, 0.0, 0.0, 0.0, 0.0, 0.0, 0.0, 0.08282512426376343, 317.0, 0.0, 0.0, -0.7580116391181946, 0.018815379589796066, 0.4717075228691101, 0.04554080596682052
29871, -0.00797074381262064, -0.010388718917965889, 0.009298897348344326, 0.005100274458527565, 0.0007726443000137806, 0.001673343824222684, 131622.3125, 155888.015625, 85892.5390625, 121640.09375, 142605.828125, 103081.34375, 0.0, 0.0, 0.0, 0.0, 0.0, 0.0, 0.0, 0.0, 0.0, 0.08494998514652252, 317.0, 0.0, 0.0, -0.7579801082611084, 0.01871534436941147, 0.47165700793266296, 0.04533142797050252
29891, -0.007863612845540047, -0.010378686711192131, 0.009205467067658901, 0.0054525104351341724, 0.00011488971358630806, 0.0006636998150497675, 131626.171875, 155886.125, 85892.5390625, 121635.484375, 142600.5, 103080.59375, 0.0, 0.0, 0.0, 0.0, 0.0, 0.0, 0.0, 0.0, 0.0, 0.08305801451206207, 317.0, 0.0, 0.0, -0.7580199837684631, 0.018522821366786957, 0.47162166237831116, 0.0456821446622658
29912, -0.007895451039075851, -0.010776019655168056, 0.009215942583978176, 0.004785632714629173, -0.002157342853024602, 0.00045571045484393835, 131625.171875, 155880.421875, 85890.6484375, 121629.5546875, 142604.046875, 103079.84375, 0.0, 0.0, 0.0, 0.0, 0.0, 0.0, 0.0, 0.0, 0.0, 0.08249570429325104, 318.0, 0.0, 0.0, -0.7580506801605225, 0.018669787794351578, 0.47153910994529724, 0.04632391490221485
29931, -0.007598443888127804, -0.010363683104515076, 0.009230129420757294, 0.005909636616706848, 0.00022112199803814292, 0.0008660434396006167, 131631.28125, 155886.125, 85895.5078125, 121637.0234375, 142601.765625, 103086.0390625, 0.0, 0.0, 0.0, 0.0, 0.0, 0.0, 0.0, 0.0, 0.0, 0.08070401847362518, 318.0, 0.0, 0.0, -0.7580931186676025, 0.018785277381539345, 0.4715295732021332, 0.047222667299331236
29952, -0.008013837970793247, -0.01031629741191864, 0.010433604940772057, 0.004250942263752222, 0.0007637851522304118, 0.007679250091314316, 131624.5625, 155884.21875, 85898.2109375, 121636.140625, 142599.5, 103090.921875, 0.0, 0.0, 0.0, 0.0, 0.0, 0.0, 0.0, 0.0, 0.0, 0.08270259946584702, 318.0, 0.0, 0.0, -0.7579771280288696, 0.018769146874547005, 0.4715391993522644, 0.04594887775076315
29971, -0.008448203094303608, -0.010329878889024258, 0.010587012395262718, 0.002497143344953656, 0.00030976536800153553, 0.007664352189749479, 131616.828125, 155886.125, 85891.7265625, 121636.796875, 142593.671875, 103079.28125, 0.0, 0.0, 0.0, 0.0, 0.0, 0.0, 0.0, 0.0, 0.0, 0.08345439285039902, 320.0, 0.0, 0.0, -0.7580170631408691, 0.01878868229687214, 0.471568763256073, 0.04650666010811096
29992, -0.007789901923388243, -0.010337342508137226, 0.010055860504508018, 0.005604623816907406, 0.00022707773314323276, 0.004090054892003536, 131626.171875, 155888.015625, 85903.0703125, 121638.5625, 142597.71875, 103084.7265625, 0.0, 0.0, 0.0, 0.0, 0.0, 0.0, 0.0, 0.0, 0.0, 0.08350144326686859, 320.0, 0.0, 0.0, -0.7578579187393188, 0.018755480647087097, 0.4716457724571228, 0.04444842202333571
30012, -0.008448690176010132, -0.010328809730708599, 0.010140023194253445, 0.0027859003748744726, 0.0005620026495307684, 0.004269356373697519, 131626.796875, 155888.015625, 85897.9453125, 121635.484375, 142589.625, 103087.5390625, 0.0, 0.0, 0.0, 0.0, 0.0, 0.0, 0.0, 0.0, 0.0, 0.08384006470441818, 320.0, 0.0, 0.0, -0.757978081703186, 0.018825262784957886, 0.47162994742393494, 0.044598476097045155
30031, -0.008129118010401726, -0.010648430325090885, 0.008952861651778221, 0.004800126887857914, -0.0004381996695883572, -0.002188681624829769, 131632.90625, 155886.125, 85901.1796875, 121637.6796875, 142595.9375, 103086.7890625, 0.0, 0.0, 0.0, 0.0, 0.0, 0.0, 0.0, 0.0, 0.0, 0.0835661068558693, 320.0, 0.0, 0.0, -0.7579723000526428, 0.018586203455924988, 0.47166287899017334, 0.04523596786920167
30051, -0.008189290761947632, -0.010335992090404034, 0.008910762146115303, 0.004366324283182621, 0.000942286045756191, -0.0023254831321537495, 131626.796875, 155886.125, 85897.1328125, 121643.6015625, 142599.0, 103087.5390625, 0.0, 0.0, 0.0, 0.0, 0.0, 0.0, 0.0, 0.0, 0.0, 0.0827505886554718, 320.0, 0.0, 0.0, -0.7579306960105896, 0.01863195188343525, 0.4716326892375946, 0.044649520181289475
30071, -0.007887445390224457, -0.010604556649923325, 0.008863824419677258, 0.0054661668837070465, -0.0006031657103449106, -0.002464063698425889, 131625.171875, 155888.015625, 85897.9453125, 121637.0234375, 142595.453125, 103088.1015625, 0.0, 0.0, 0.0, 0.0, 0.0, 0.0, 0.0, 0.0, 0.0, 0.08368463069200516, 324.0, 0.0, 0.0, -0.7579482197761536, 0.018704954534769058, 0.4716399312019348, 0.044663735480990785
30091, -0.0082155866548419, -0.010015667416155338, 0.008879738859832287, 0.003677719971165061, 0.0020935426000505686, -0.002074914053082466, 131624.5625, 155884.21875, 85895.2421875, 121637.0234375, 142597.71875, 103088.1015625, 0.0, 0.0, 0.0, 0.0, 0.0, 0.0, 0.0, 0.0, 0.0, 0.08391547948122025, 324.0, 0.0, 0.0, -0.757915735244751, 0.018595857545733452, 0.4716845154762268, 0.04451462633391574
30111, -0.008191687054932117, -0.0105799101293087, 0.008843370713293552, 0.0041456930339336395, -0.0008986075408756733, -0.0019246714655309916, 131629.046875, 155886.125, 85900.9140625, 121639.21875, 142599.5, 103082.1015625, 0.0, 0.0, 0.0, 0.0, 0.0, 0.0, 0.0, 0.0, 0.0, 0.0843605026602745, 324.0, 0.0, 0.0, -0.757959246635437, 0.018765071406960487, 0.47164207696914673, 0.044357002243514444
30131, -0.008195817470550537, -0.009992513805627823, 0.009742949157953262, 0.004047869239002466, 0.0016576395137235522, 0.0027892328798770905, 131626.796875, 155888.015625, 85903.0703125, 121634.828125, 142600.0, 103080.59375, 0.0, 0.0, 0.0, 0.0, 0.0, 0.0, 0.0, 0.0, 0.0, 0.08504842966794968, 326.0, 0.0, 0.0, -0.7579015493392944, 0.018625589087605476, 0.4716242551803589, 0.04181230761565479
30151, -0.008518816903233528, -0.01060108095407486, 0.00979866087436676, 0.0025975711178034544, -0.001644254312850535, 0.0025439667515456676, 131629.046875, 155886.125, 85902.8046875, 121633.9453125, 142594.953125, 103082.1015625, 0.0, 0.0, 0.0, 0.0, 0.0, 0.0, 0.0, 0.0, 0.0, 0.08692187070846558, 326.0, 0.0, 0.0, -0.7579753994941711, 0.01858966238796711, 0.47175875306129456, 0.044632301166330046
30171, -0.008159217424690723, -0.010619774460792542, 0.009111451916396618, 0.004331851378083229, -0.0014691452961415052, -0.000893709366209805, 131631.28125, 155884.21875, 85906.8515625, 121638.5625, 142592.671875, 103088.8515625, 0.0, 0.0, 0.0, 0.0, 0.0, 0.0, 0.0, 0.0, 0.0, 0.08926505595445633, 326.0, 0.0, 0.0, -0.758059561252594, 0.018571678549051285, 0.4716988205909729, 0.04567357994236158
30191, -0.008098572492599487, -0.010338978841900826, 0.009095195680856705, 0.004838773515075445, 0.00021556857973337173, -0.0009296999778598547, 131624.5625, 155888.015625, 85900.1015625, 121639.875, 142593.671875, 103082.65625, 0.0, 0.0, 0.0, 0.0, 0.0, 0.0, 0.0, 0.0, 0.0, 0.08748085796833038, 327.0, 0.0, 0.0, -0.7579629421234131, 0.018676653504371643, 0.47163838148117065, 0.04563667317705206
30211, -0.0080432603135705, -0.010052542202174664, 0.009432708844542503, 0.005027967970818281, 0.0011229156516492367, 0.00044073816388845444, 131624.5625, 155882.3125, 85904.9609375, 121634.6015625, 142603.546875, 103084.7265625, 0.0, 0.0, 0.0, 0.0, 0.0, 0.0, 0.0, 0.0, 0.0, 0.08942604809999466, 327.0, 0.0, 0.0, -0.7579702734947205, 0.018690776079893112, 0.47165995836257935, 0.044450624526918975
30233, -0.00814825389534235, -0.010351106524467468, 0.00944003090262413, 0.004293045029044151, -0.0002690328110475093, 0.0002610811498016119, 131620.0625, 155884.21875, 85903.8828125, 121639.875, 142588.625, 103088.8515625, 0.0, 0.0, 0.0, 0.0, 0.0, 0.0, 0.0, 0.0, 0.0, 0.08918357640504837, 327.0, 0.0, 0.0, -0.7579895853996277, 0.018729642033576965, 0.47161534428596497, 0.04462383724027986
30251, -0.007805978879332542, -0.010355458594858646, 0.00887006800621748, 0.006267097778618336, -0.0001395792787661776, -0.002723360201343894, 131618.453125, 155888.015625, 85903.6171875, 121639.875, 142599.5, 103079.28125, 0.0, 0.0, 0.0, 0.0, 0.0, 0.0, 0.0, 0.0, 0.0, 0.09157495945692062, 327.0, 0.0, 0.0, -0.758029043674469, 0.0186709463596344, 0.47167661786079407, 0.046434838277292965
30273, -0.007854893803596497, -0.010364357382059097, 0.008817176334559917, 0.005822257604449987, 0.0004563119146041572, -0.002805788069963455, 131622.9375, 155888.015625, 85897.9453125, 121644.2578125, 142593.171875, 103083.96875, 0.0, 0.0, 0.0, 0.0, 0.0, 0.0, 0.0, 0.0, 0.0, 0.09127102792263031, 327.0, 0.0, 0.0, -0.7580749988555908, 0.018685348331928253, 0.4716165363788605, 0.04708182081949301
30291, -0.008100911043584347, -0.01036137156188488, 0.00846673920750618, 0.004275497980415821, -2.1958741854177788e-05, -0.004684926941990852, 131626.171875, 155884.21875, 85899.0234375, 121636.140625, 142590.40625, 103080.59375, 0.0, 0.0, 0.0, 0.0, 0.0, 0.0, 0.0, 0.0, 0.0, 0.09109191596508026, 327.0, 0.0, 0.0, -0.7580139636993408, 0.018664365634322166, 0.4716612696647644, 0.04597672328670682
30312, -0.008098405785858631, -0.010634378530085087, 0.008374487049877644, 0.004038771148771048, -0.0014918806264176965, -0.00452831294387579, 131622.3125, 155884.21875, 85902.8046875, 121639.875, 142594.953125, 103079.28125, 0.0, 0.0, 0.0, 0.0, 0.0, 0.0, 0.0, 0.0, 0.0, 0.0905444547533989, 327.0, 0.0, 0.0, -0.7580364942550659, 0.018784988671541214, 0.47167518734931946, 0.045958749747520046
30331, -0.008387351408600807, -0.010623721405863762, 0.008287955075502396, 0.002719419775530696, -0.0008154079550877213, -0.0042291260324418545, 131622.3125, 155888.015625, 85902.8046875, 121641.40625, 142599.5, 103088.1015625, 0.0, 0.0, 0.0, 0.0, 0.0, 0.0, 0.0, 0.0, 0.0, 0.09015963971614838, 327.0, 0.0, 0.0, -0.7579442858695984, 0.01870625466108322, 0.47165414690971375, 0.04320777857520388
30351, -0.008413933217525482, -0.010625169612467289, 0.00892687775194645, 0.003165560308843851, -0.0007695527165196836, -0.0007222773274406791, 131627.421875, 155886.125, 85898.2109375, 121633.2890625, 142590.90625, 103081.90625, 0.0, 0.0, 0.0, 0.0, 0.0, 0.0, 0.0, 0.0, 0.0, 0.09045985341072083, 327.0, 0.0, 0.0, -0.7578948140144348, 0.018606694415211678, 0.4716816544532776, 0.04399102055430774
30371, -0.007823558524250984, -0.010370920412242413, 0.008906292729079723, 0.006154133006930351, 5.3170435421634465e-05, -0.001510464120656252, 131626.796875, 155888.015625, 85901.9921875, 121642.9453125, 142597.21875, 103081.34375, 0.0, 0.0, 0.0, 0.0, 0.0, 0.0, 0.0, 0.0, 0.0, 0.09217827767133713, 326.0, 0.0, 0.0, -0.7579282522201538, 0.018823351711034775, 0.4715665578842163, 0.04375479737488171
30391, -0.007856994867324829, -0.010366841219365597, 0.008500154130160809, 0.005739666521549225, -8.722539496375248e-05, -0.003389923833310604, 131620.6875, 155886.125, 85905.7734375, 121642.0625, 142597.21875, 103090.921875, 0.0, 0.0, 0.0, 0.0, 0.0, 0.0, 0.0, 0.0, 0.0, 0.0906490683555603, 326.0, 0.0, 0.0, -0.758046567440033, 0.01870594546198845, 0.4716043770313263, 0.046008269004652116
30411, -0.008123302832245827, -0.010612617246806622, 0.008439215831458569, 0.004519004374742508, -0.0009139583562500775, -0.0029856995679438114, 131621.6875, 155884.21875, 85899.0234375, 121640.5234375, 142590.90625, 103084.1640625, 0.0, 0.0, 0.0, 0.0, 0.0, 0.0, 0.0, 0.0, 0.0, 0.0910947397351265, 330.0, 0.0, 0.0, -0.757932722568512, 0.018650706857442856, 0.4716512858867645, 0.04459082749773529
30431, -0.008112418465316296, -0.010372878983616829, 0.00902740191668272, 0.004606579430401325, 0.0002482494746800512, 4.4407435780158266e-05, 131630.65625, 155884.21875, 85902.8046875, 121642.0625, 142592.171875, 103082.65625, 0.0, 0.0, 0.0, 0.0, 0.0, 0.0, 0.0, 0.0, 0.0, 0.09154802560806274, 330.0, 0.0, 0.0, -0.7579631209373474, 0.018730083480477333, 0.4716295301914215, 0.04480875246963806
30452, -0.008019095286726952, -0.010372789576649666, 0.009030122309923172, 0.005010115448385477, 6.681521335849538e-05, 2.4511688025086187e-05, 131621.6875, 155886.125, 85905.7734375, 121645.140625, 142599.0, 103083.4140625, 0.0, 0.0, 0.0, 0.0, 0.0, 0.0, 0.0, 0.0, 0.0, 0.08934623748064041, 330.0, 0.0, 0.0, -0.757951557636261, 0.018672939389944077, 0.4716784358024597, 0.04492453412034961
30471, -0.008338835090398788, -0.010636430233716965, 0.009422657079994678, 0.00381829752586782, -0.0009732723119668663, 0.0022489014081656933, 131626.171875, 155886.125, 85905.5078125, 121644.2578125, 142595.9375, 103081.34375, 0.0, 0.0, 0.0, 0.0, 0.0, 0.0, 0.0, 0.0, 0.0, 0.09120121598243713, 330.0, 0.0, 0.0, -0.757989764213562, 0.018730521202087402, 0.4716370105743408, 0.04450465724798736
30491, -0.00804032851010561, -0.010358990170061588, 0.009471144527196884, 0.005736898630857468, 0.0004133631009608507, 0.0023839250206947327, 131620.6875, 155884.21875, 85901.1796875, 121636.140625, 142590.40625, 103078.53125, 0.0, 0.0, 0.0, 0.0, 0.0, 0.0, 0.0, 0.0, 0.0, 0.09166455268859863, 330.0, 0.0, 0.0, -0.7578995227813721, 0.018791818991303444, 0.47149425745010376, 0.043582725745601576
30511, -0.008000188507139683, -0.010654302313923836, 0.00951598584651947, 0.005241089966148138, -0.0014093774370849133, 0.0021043317392468452, 131624.5625, 155886.125, 85907.3984375, 121641.40625, 142586.34375, 103091.671875, 0.0, 0.0, 0.0, 0.0, 0.0, 0.0, 0.0, 0.0, 0.0, 0.09175211936235428, 330.0, 0.0, 0.0, -0.7579922080039978, 0.018831271678209305, 0.47164690494537354, 0.04530413121722471
30531, -0.008031115867197514, -0.010647579096257687, 0.009344154968857765, 0.004469159059226513, -0.0010780893499031663, 0.0014693341217935085, 131623.546875, 155889.921875, 85903.8828125, 121642.0625, 142590.90625, 103090.921875, 0.0, 0.0, 0.0, 0.0, 0.0, 0.0, 0.0, 0.0, 0.0, 0.09034313261508942, 333.0, 0.0, 0.0, -0.7579294443130493, 0.018719062209129333, 0.4715580642223358, 0.04529163321249382
30551, -0.007995101623237133, -0.010344602167606354, 0.00937447976320982, 0.004734395537525415, 0.0011477188672870398, 0.0017524445429444313, 131626.796875, 155886.125, 85904.6953125, 121642.0625, 142588.625, 103088.1015625, 0.0, 0.0, 0.0, 0.0, 0.0, 0.0, 0.0, 0.0, 0.0, 0.09218308329582214, 333.0, 0.0, 0.0, -0.7580857276916504, 0.018637709319591522, 0.471655935049057, 0.0464601137093891
30571, -0.008043374866247177, -0.01035167183727026, 0.009244292043149471, 0.004465939477086067, 0.0009070888045243919, 0.0008447996224276721, 131620.6875, 155886.125, 85906.5859375, 121639.875, 142590.90625, 103084.7265625, 0.0, 0.0, 0.0, 0.0, 0.0, 0.0, 0.0, 0.0, 0.0, 0.0905136987566948, 333.0, 0.0, 0.0, -0.7579899430274963, 0.01873474009335041, 0.47155842185020447, 0.04540713426968987
30591, -0.008341563865542412, -0.010352184996008873, 0.009257638826966286, 0.0026729460805654526, 0.0006678808713331819, 0.00042931304778903723, 131622.9375, 155886.125, 85908.4765625, 121643.6015625, 142596.734375, 103086.2265625, 0.0, 0.0, 0.0, 0.0, 0.0, 0.0, 0.0, 0.0, 0.0, 0.08879712224006653, 335.0, 0.0, 0.0, -0.7579798698425293, 0.018718257546424866, 0.4716189205646515, 0.045183754335025035
30612, -0.008285152725875378, -0.01061260886490345, 0.008752826601266861, 0.003115374594926834, -0.0005590015789493918, -0.002311954041942954, 131620.6875, 155891.828125, 85908.4765625, 121633.9453125, 142596.734375, 103086.7890625, 0.0, 0.0, 0.0, 0.0, 0.0, 0.0, 0.0, 0.0, 0.0, 0.08963441103696823, 335.0, 0.0, 0.0, -0.7579657435417175, 0.01879124343395233, 0.47150567173957825, 0.04691008183186079
30631, -0.008031833916902542, -0.010352469980716705, 0.008709932677447796, 0.004809437785297632, 0.0006603843648917973, -0.0020489771850407124, 131631.28125, 155884.21875, 85902.8046875, 121642.0625, 142592.671875, 103081.34375, 0.0, 0.0, 0.0, 0.0, 0.0, 0.0, 0.0, 0.0, 0.0, 0.08968496322631836, 335.0, 0.0, 0.0, -0.7579137682914734, 0.018898338079452515, 0.4715808629989624, 0.04376371473011822
30652, -0.007962815463542938, -0.010336190462112427, 0.009979447349905968, 0.004805698059499264, 0.000694596441462636, 0.004230907186865807, 131622.9375, 155886.125, 85908.4765625, 121638.3359375, 142589.90625, 103090.921875, 0.0, 0.0, 0.0, 0.0, 0.0, 0.0, 0.0, 0.0, 0.0, 0.09106224775314331, 332.0, 0.0, 0.0, -0.7578750252723694, 0.018858566880226135, 0.47154995799064636, 0.04277447997969198
30671, -0.007924343459308147, -0.010650948621332645, 0.01006687805056572, 0.004683575592935085, -0.000821315567009151, 0.00435712980106473, 131622.3125, 155888.015625, 85905.5078125, 121639.21875, 142585.859375, 103082.65625, 0.0, 0.0, 0.0, 0.0, 0.0, 0.0, 0.0, 0.0, 0.0, 0.09288206696510315, 332.0, 0.0, 0.0, -0.7580154538154602, 0.018765734508633614, 0.4715611934661865, 0.0472275730348822
30691, -0.008228498511016369, -0.010355373844504356, 0.008896688930690289, 0.0030107256025075912, 0.0007311971276067197, -0.0026199007406830788, 131624.5625, 155889.921875, 85902.8046875, 121633.2890625, 142585.859375, 103089.609375, 0.0, 0.0, 0.0, 0.0, 0.0, 0.0, 0.0, 0.0, 0.0, 0.09261186420917511, 332.0, 0.0, 0.0, -0.7579609751701355, 0.018779031932353973, 0.4715420603752136, 0.04560010014040246
30712, -0.007691927254199982, -0.01036058459430933, 0.00884360820055008, 0.005822550039738417, 0.00037583810626529157, -0.0030190018005669117, 131624.5625, 155888.015625, 85910.109375, 121635.484375, 142585.859375, 103083.4140625, 0.0, 0.0, 0.0, 0.0, 0.0, 0.0, 0.0, 0.0, 0.0, 0.09216710180044174, 330.0, 0.0, 0.0, -0.7579945921897888, 0.01857784576714039, 0.47173404693603516, 0.04438395076453454
30732, -0.008246012963354588, -0.010634500533342361, 0.008866320364177227, 0.0027289255522191525, -0.0010063827503472567, -0.002980245044454932, 131620.6875, 155886.125, 85901.7265625, 121639.875, 142577.25, 103084.7265625, 0.0, 0.0, 0.0, 0.0, 0.0, 0.0, 0.0, 0.0, 0.0, 0.09344513714313507, 330.0, 0.0, 0.0, -0.7579095959663391, 0.018802016973495483, 0.471614271402359, 0.0445539648069111
30753, -0.007984645664691925, -0.010624718852341175, 0.00881278421729803, 0.003859673161059618, -0.0003833673254121095, -0.002716094721108675, 131629.046875, 155880.421875, 85909.2890625, 121637.6796875, 142576.765625, 103085.4765625, 0.0, 0.0, 0.0, 0.0, 0.0, 0.0, 0.0, 0.0, 0.0, 0.09182395040988922, 332.0, 0.0, 0.0, -0.7579357028007507, 0.018694138154387474, 0.4716290533542633, 0.04408663793488023
30771, -0.008223878219723701, -0.010384400375187397, 0.008761548437178135, 0.002869094954803586, 0.0007861335179768503, -0.0026006901171058416, 131617.828125, 155888.015625, 85906.5859375, 121637.0234375, 142584.578125, 103088.8515625, 0.0, 0.0, 0.0, 0.0, 0.0, 0.0, 0.0, 0.0, 0.0, 0.092172771692276, 332.0, 0.0, 0.0, -0.7579891681671143, 0.018549636006355286, 0.4717233180999756, 0.04493151096429533
30791, -0.00794219970703125, -0.010397767648100853, 0.009652432054281235, 0.004228218458592892, -0.00018987635849043727, 0.0020650916267186403, 131622.9375, 155886.125, 85902.546875, 121636.140625, 142584.578125, 103090.921875, 0.0, 0.0, 0.0, 0.0, 0.0, 0.0, 0.0, 0.0, 0.0, 0.09151209890842438, 332.0, 0.0, 0.0, -0.7579250335693359, 0.018739312887191772, 0.4715910851955414, 0.04318658942688252
30811, -0.007859407924115658, -0.010403206571936607, 0.00969428289681673, 0.004407968372106552, -0.0001452271972084418, 0.0021806589793413877, 131619.453125, 155884.21875, 85910.3671875, 121639.875, 142584.078125, 103087.5390625, 0.0, 0.0, 0.0, 0.0, 0.0, 0.0, 0.0, 0.0, 0.0, 0.09198176115751266, 329.0, 0.0, 0.0, -0.7580351829528809, 0.018732720986008644, 0.4716135263442993, 0.045111329934409146
30832, -0.007784482557326555, -0.010400695726275444, 0.010278863832354546, 0.004853362217545509, 0.00023460471129510552, 0.005058641545474529, 131621.6875, 155884.21875, 85907.3984375, 121629.5546875, 142584.078125, 103090.921875, 0.0, 0.0, 0.0, 0.0, 0.0, 0.0, 0.0, 0.0, 0.0, 0.09475625306367874, 329.0, 0.0, 0.0, -0.7579865455627441, 0.018639501184225082, 0.471667617559433, 0.04545816856608547
30851, -0.007524849381297827, -0.010402688756585121, 0.010381187312304974, 0.0061250594444572926, 0.0001337364810751751, 0.005010742228478193, 131616.203125, 155886.125, 85908.4765625, 121638.3359375, 142585.859375, 103090.1640625, 0.0, 0.0, 0.0, 0.0, 0.0, 0.0, 0.0, 0.0, 0.0, 0.09460043907165527, 329.0, 0.0, 0.0, -0.7579116821289062, 0.01871846430003643, 0.4716104567050934, 0.045125000310994125
30871, -0.007796093355864286, -0.01038280688226223, 0.009902168065309525, 0.004218817688524723, -0.00018218279001303017, 0.0020052033942192793, 131619.453125, 155886.125, 85903.6171875, 121638.3359375, 142577.25, 103087.5390625, 0.0, 0.0, 0.0, 0.0, 0.0, 0.0, 0.0, 0.0, 0.0, 0.09428086131811142, 330.0, 0.0, 0.0, -0.757973313331604, 0.018664749339222908, 0.47165969014167786, 0.044887521490585246
30891, -0.007854236289858818, -0.010372706688940525, 0.009944208897650242, 0.00373438885435462, 0.00022222366533242166, 0.0022715572267770767, 131625.171875, 155886.125, 85902.546875, 121636.140625, 142581.796875, 103078.53125, 0.0, 0.0, 0.0, 0.0, 0.0, 0.0, 0.0, 0.0, 0.0, 0.09395767003297806, 330.0, 0.0, 0.0, -0.7580406069755554, 0.018753454089164734, 0.47156915068626404, 0.0457624291331933
30911, -0.007779066450893879, -0.01036258228123188, 0.01039984729140997, 0.004666897468268871, 0.0005152684752829373, 0.00473418366163969, 131624.5625, 155884.21875, 85905.5078125, 121638.3359375, 142583.078125, 103090.1640625, 0.0, 0.0, 0.0, 0.0, 0.0, 0.0, 0.0, 0.0, 0.0, 0.09450405836105347, 330.0, 0.0, 0.0, -0.7579780220985413, 0.018719734624028206, 0.471585214138031, 0.04409496730433237
30931, -0.007841520011425018, -0.010371977463364601, 0.010492796078324318, 0.004190421663224697, 0.0003373570798430592, 0.004462828394025564, 131616.203125, 155886.125, 85901.7265625, 121637.6796875, 142584.578125, 103082.1015625, 0.0, 0.0, 0.0, 0.0, 0.0, 0.0, 0.0, 0.0, 0.0, 0.09514333307743073, 330.0, 0.0, 0.0, -0.7579824328422546, 0.01869286596775055, 0.4716184735298157, 0.046006144997238915
30951, -0.007818899117410183, -0.010670987889170647, 0.009959423914551735, 0.0040939319878816605, -0.0017132485518231988, 0.001034066895954311, 131613.96875, 155882.3125, 85901.7265625, 121637.0234375, 142588.125, 103086.7890625, 0.0, 0.0, 0.0, 0.0, 0.0, 0.0, 0.0, 0.0, 0.0, 0.09460801631212234, 330.0, 0.0, 0.0, -0.7579131722450256, 0.01868952438235283, 0.4716624319553375, 0.043902132248811426
30971, -0.007547757588326931, -0.01065315306186676, 0.009985072538256645, 0.005271331872791052, -0.0012096134014427662, 0.0014581517316401005, 131616.203125, 155886.125, 85901.7265625, 121635.484375, 142582.296875, 103082.65625, 0.0, 0.0, 0.0, 0.0, 0.0, 0.0, 0.0, 0.0, 0.0, 0.09569156914949417, 330.0, 0.0, 0.0, -0.7579455971717834, 0.018656320869922638, 0.4717310070991516, 0.043229509517875464
30991, -0.007877434603869915, -0.010343016125261784, 0.010022075846791267, 0.003900233656167984, 0.000560800894163549, 0.001708310330286622, 131612.34375, 155884.21875, 85899.8359375, 121631.75, 142564.109375, 103085.4765625, 0.0, 0.0, 0.0, 0.0, 0.0, 0.0, 0.0, 0.0, 0.0, 0.09434530884027481, 332.0, 0.0, 0.0, -0.7579511404037476, 0.018651340156793594, 0.4717702567577362, 0.04376332861396373
31012, -0.007790416944772005, -0.010334339924156666, 0.0100434310734272, 0.004343338776379824, 0.00046311612823046744, 0.0010980729712173343, 131618.453125, 155884.21875, 85904.4375, 121631.09375, 142581.3125, 103085.4765625, 0.0, 0.0, 0.0, 0.0, 0.0, 0.0, 0.0, 0.0, 0.0, 0.09552039951086044, 332.0, 0.0, 0.0, -0.7579246759414673, 0.018639173358678818, 0.47167956829071045, 0.04352985115617573
31032, -0.00783346313983202, -0.010346942581236362, 0.010069436393678188, 0.004022288601845503, 1.2388521781758755e-06, 0.0013964299578219652, 131613.34375, 155886.125, 85901.7265625, 121629.5546875, 142577.75, 103078.71875, 0.0, 0.0, 0.0, 0.0, 0.0, 0.0, 0.0, 0.0, 0.0, 0.09436007589101791, 332.0, 0.0, 0.0, -0.7579867243766785, 0.01864653266966343, 0.4716530740261078, 0.045484975414387514
31052, -0.007538448553532362, -0.010339715518057346, 0.009227769449353218, 0.00590718537569046, 0.0005194932455196977, -0.002583455992862582, 131622.3125, 155882.3125, 85903.6171875, 121633.9453125, 142581.3125, 103080.03125, 0.0, 0.0, 0.0, 0.0, 0.0, 0.0, 0.0, 0.0, 0.0, 0.09567420184612274, 330.0, 0.0, 0.0, -0.7579649686813354, 0.01880905032157898, 0.4715843200683594, 0.04517554332082021
31072, -0.00841037929058075, -0.010359273292124271, 0.009182654321193695, 0.0020571532659232616, 0.00028889390523545444, -0.002477870788425207, 131615.578125, 155884.21875, 85906.5859375, 121635.484375, 142575.484375, 103081.34375, 0.0, 0.0, 0.0, 0.0, 0.0, 0.0, 0.0, 0.0, 0.0, 0.0956350564956665, 330.0, 0.0, 0.0, -0.7578929662704468, 0.018778901547193527, 0.47151461243629456, 0.04265465853401777
31091, -0.008138871751725674, -0.01063671987503767, 0.009471813216805458, 0.0034091374836862087, -0.0010078300256282091, -0.0011548532638698816, 131610.09375, 155886.125, 85910.3671875, 121632.40625, 142575.484375, 103082.1015625, 0.0, 0.0, 0.0, 0.0, 0.0, 0.0, 0.0, 0.0, 0.0, 0.09526477009057999, 330.0, 0.0, 0.0, -0.7579911947250366, 0.018709037452936172, 0.47166988253593445, 0.045535037747409184
31111, -0.00816672295331955, -0.010629527270793915, 0.009451847523450851, 0.0033075544051826, -0.000965339713729918, -0.0009747350122779608, 131612.34375, 155886.125, 85903.6171875, 121637.6796875, 142587.140625, 103086.2265625, 0.0, 0.0, 0.0, 0.0, 0.0, 0.0, 0.0, 0.0, 0.0, 0.0967123731970787, 329.0, 0.0, 0.0, -0.7579495310783386, 0.018865469843149185, 0.47154513001441956, 0.04282447797176749
31131, -0.008094202727079391, -0.010645432397723198, 0.009258996695280075, 0.003836072515696287, -0.0004939556238241494, -0.0015453723026439548, 131613.96875, 155884.21875, 85899.8359375, 121643.6015625, 142575.484375, 103082.1015625, 0.0, 0.0, 0.0, 0.0, 0.0, 0.0, 0.0, 0.0, 0.0, 0.09794533252716064, 329.0, 0.0, 0.0, -0.758010745048523, 0.018696006387472153, 0.47162926197052, 0.045875069894288203
31151, -0.00801074504852295, -0.010654623620212078, 0.009228328242897987, 0.004600574728101492, -0.000453178450698033, -0.0015460527502000332, 131614.578125, 155886.125, 85901.46875, 121633.9453125, 142584.078125, 103082.1015625, 0.0, 0.0, 0.0, 0.0, 0.0, 0.0, 0.0, 0.0, 0.0, 0.09700550138950348, 330.0, 0.0, 0.0, -0.7579478621482849, 0.01873420737683773, 0.4716910123825073, 0.04485816171635065
31171, -0.008008195087313652, -0.010313069447875023, 0.009193145669996738, 0.0042524090968072414, 0.0005880896933376789, -0.0020114972721785307, 131614.578125, 155884.21875, 85899.8359375, 121627.3671875, 142576.765625, 103087.5390625, 0.0, 0.0, 0.0, 0.0, 0.0, 0.0, 0.0, 0.0, 0.0, 0.09621068090200424, 330.0, 0.0, 0.0, -0.758039653301239, 0.018767451867461205, 0.4715474247932434, 0.046375568722812274
31192, -0.007907566614449024, -0.010305571369826794, 0.008631536737084389, 0.004293182399123907, 0.0003815933014266193, -0.0049730706959962845, 131613.96875, 155884.21875, 85902.546875, 121628.2421875, 142579.53125, 103084.9140625, 0.0, 0.0, 0.0, 0.0, 0.0, 0.0, 0.0, 0.0, 0.0, 0.09587746858596802, 330.0, 0.0, 0.0, -0.7580381035804749, 0.01860947161912918, 0.4716058075428009, 0.045168597649392454
31211, -0.007936917245388031, -0.010313436388969421, 0.008536411449313164, 0.0037634987384080887, 0.0009103329502977431, -0.0045900242403149605, 131611.71875, 155888.015625, 85900.9140625, 121633.9453125, 142585.859375, 103087.5390625, 0.0, 0.0, 0.0, 0.0, 0.0, 0.0, 0.0, 0.0, 0.0, 0.09609672427177429, 330.0, 0.0, 0.0, -0.7579039335250854, 0.018738221377134323, 0.47164106369018555, 0.04382414135292843
31232, -0.007546356413513422, -0.010668567381799221, 0.00823779497295618, 0.005799337290227413, -0.0006483617471531034, -0.005579710938036442, 131608.484375, 155886.125, 85898.765625, 121631.09375, 142572.703125, 103081.34375, 0.0, 0.0, 0.0, 0.0, 0.0, 0.0, 0.0, 0.0, 0.0, 0.09569423645734787, 330.0, 0.0, 0.0, -0.7580100297927856, 0.01873418316245079, 0.47165820002555847, 0.04584824828051022
31252, -0.007157293614000082, -0.010658981278538704, 0.008122636005282402, 0.007250216323882341, -0.0006151789566501975, -0.005898742936551571, 131610.09375, 155884.21875, 85899.0234375, 121626.7109375, 142575.484375, 103087.5390625, 0.0, 0.0, 0.0, 0.0, 0.0, 0.0, 0.0, 0.0, 0.0, 0.09592543542385101, 330.0, 0.0, 0.0, -0.7580118179321289, 0.01877032406628132, 0.4716809391975403, 0.04615902759630979
31271, -0.007253320422023535, -0.010302593931555748, 0.00797676295042038, 0.006414960138499737, 0.0007385896169580519, -0.006353707052767277, 131605.609375, 155886.125, 85900.65625, 121624.515625, 142574.984375, 103077.96875, 0.0, 0.0, 0.0, 0.0, 0.0, 0.0, 0.0, 0.0, 0.0, 0.09674982726573944, 328.0, 0.0, 0.0, -0.7579198479652405, 0.01880774460732937, 0.4715209901332855, 0.046196848453189436
31291, -0.007650333922356367, -0.010307618416845798, 0.007853769697248936, 0.0048577385023236275, 0.0012750454479828477, -0.006221811752766371, 131608.484375, 155886.125, 85898.765625, 121629.5546875, 142570.9375, 103081.34375, 0.0, 0.0, 0.0, 0.0, 0.0, 0.0, 0.0, 0.0, 0.0, 0.09783967584371567, 328.0, 0.0, 0.0, -0.7579618692398071, 0.0187925286591053, 0.47165125608444214, 0.044427990427051235
31311, -0.007963445037603378, -0.010306986048817635, 0.008601167239248753, 0.003957773093134165, 0.0011622754391282797, -0.0018374092178419232, 131609.484375, 155886.125, 85897.9453125, 121628.8984375, 142579.03125, 103082.1015625, 0.0, 0.0, 0.0, 0.0, 0.0, 0.0, 0.0, 0.0, 0.0, 0.1000853031873703, 328.0, 0.0, 0.0, -0.7580244541168213, 0.018858881667256355, 0.47152963280677795, 0.04716561113804554
31331, -0.00763066066429019, -0.009960578754544258, 0.008562102913856506, 0.005129180382937193, 0.0022719870321452618, -0.0022710259072482586, 131611.71875, 155884.21875, 85897.1328125, 121628.8984375, 142577.75, 103086.0390625, 0.0, 0.0, 0.0, 0.0, 0.0, 0.0, 0.0, 0.0, 0.0, 0.10100967437028885, 327.0, 0.0, 0.0, -0.7579870820045471, 0.018750479444861412, 0.4716116189956665, 0.045334609247330175
31351, -0.00768959941342473, -0.010628107003867626, 0.008711899630725384, 0.004549209028482437, -0.0006271019228734076, -0.0010041419882327318, 131606.234375, 155884.21875, 85902.8046875, 121627.3671875, 142572.703125, 103082.1015625, 0.0, 0.0, 0.0, 0.0, 0.0, 0.0, 0.0, 0.0, 0.0, 0.09995462000370026, 327.0, 0.0, 0.0, -0.7579786777496338, 0.01858638972043991, 0.4716601073741913, 0.04505857799042709
31371, -0.007747082971036434, -0.010008210316300392, 0.00869536679238081, 0.004502412397414446, 0.0025860394816845655, -0.0009319379460066557, 131612.34375, 155878.515625, 85894.9765625, 121626.7109375, 142576.765625, 103089.609375, 0.0, 0.0, 0.0, 0.0, 0.0, 0.0, 0.0, 0.0, 0.0, 0.09917990118265152, 327.0, 0.0, 0.0, -0.7579181790351868, 0.018722807988524437, 0.47160449624061584, 0.044773986447137544
31391, -0.007722289767116308, -0.010314390994608402, 0.008798688650131226, 0.004571631550788879, 0.0004706817271653563, -0.0006188552943058312, 131605.609375, 155886.125, 85894.9765625, 121635.484375, 142574.984375, 103089.609375, 0.0, 0.0, 0.0, 0.0, 0.0, 0.0, 0.0, 0.0, 0.0, 0.10168849676847458, 328.0, 0.0, 0.0, -0.7579702138900757, 0.018583277240395546, 0.47169065475463867, 0.04590702048469829
31411, -0.007772848941385746, -0.01062215119600296, 0.008786607533693314, 0.004280158784240484, -0.001200148486532271, -0.0007217899546958506, 131609.484375, 155882.3125, 85898.765625, 121633.9453125, 142572.203125, 103085.4765625, 0.0, 0.0, 0.0, 0.0, 0.0, 0.0, 0.0, 0.0, 0.0, 0.10364698618650436, 328.0, 0.0, 0.0, -0.7579519152641296, 0.018635818734765053, 0.47170063853263855, 0.04532459536401136
31431, -0.007451087236404419, -0.010641325265169144, 0.00877232477068901, 0.005724386777728796, -0.0009087218204513192, -0.0005404141847975552, 131604.0, 155884.21875, 85897.9453125, 121625.171875, 142574.484375, 103080.7890625, 0.0, 0.0, 0.0, 0.0, 0.0, 0.0, 0.0, 0.0, 0.0, 0.10290368646383286, 328.0, 0.0, 0.0, -0.7579609155654907, 0.018618237227201462, 0.4717388451099396, 0.04433440456715035
31451, -0.0077612693421542645, -0.01030787918716669, 0.00969228707253933, 0.00441235164180398, 0.0006103391060605645, 0.004502278286963701, 131610.71875, 155884.21875, 85901.7265625, 121633.9453125, 142564.109375, 103086.2265625, 0.0, 0.0, 0.0, 0.0, 0.0, 0.0, 0.0, 0.0, 0.0, 0.1027492880821228, 325.0, 0.0, 0.0, -0.7579799890518188, 0.018523646518588066, 0.4717371463775635, 0.04491095378032054
31471, -0.007815209217369556, -0.010615730658173561, 0.009778564795851707, 0.003954812418669462, -0.0010838431771844625, 0.004241926595568657, 131607.234375, 155884.21875, 85890.125, 121634.828125, 142569.65625, 103080.03125, 0.0, 0.0, 0.0, 0.0, 0.0, 0.0, 0.0, 0.0, 0.0, 0.10216820985078812, 325.0, 0.0, 0.0, -0.757895827293396, 0.018743280321359634, 0.471598356962204, 0.04493979035133181
31491, -0.008095434866845608, -0.010609837248921394, 0.009957993403077126, 0.0026451442390680313, -0.0005550807691179216, 0.005176171660423279, 131601.75, 155884.21875, 85890.125, 121625.171875, 142570.4375, 103089.609375, 0.0, 0.0, 0.0, 0.0, 0.0, 0.0, 0.0, 0.0, 0.0, 0.10264888405799866, 325.0, 0.0, 0.0, -0.7579408288002014, 0.018798230215907097, 0.4716494083404541, 0.04455047694411131
31511, -0.007772204000502825, -0.00999407097697258, 0.010063642635941505, 0.004397173877805471, 0.0027973484247922897, 0.005491537973284721, 131603.375, 155884.21875, 85892.015625, 121623.6328125, 142569.4375, 103077.96875, 0.0, 0.0, 0.0, 0.0, 0.0, 0.0, 0.0, 0.0, 0.0, 0.10475317388772964, 325.0, 0.0, 0.0, -0.7579758167266846, 0.01874561980366707, 0.47160470485687256, 0.044655465970419715
31532, -0.007697891443967819, -0.009936911053955555, 0.010961144231259823, 0.004525968339294195, 0.002695435658097267, 0.009125299751758575, 131603.375, 155878.515625, 85889.046875, 121631.09375, 142564.109375, 103082.8515625, 0.0, 0.0, 0.0, 0.0, 0.0, 0.0, 0.0, 0.0, 0.0, 0.10636348277330399, 325.0, 0.0, 0.0, -0.7580327391624451, 0.01873774081468582, 0.4716912508010864, 0.04684838633554947
31551, -0.007736226078122854, -0.010610810481011868, 0.011141042225062847, 0.004008921794593334, -0.0010328561766073108, 0.008611669763922691, 131607.234375, 155882.3125, 85892.015625, 121633.9453125, 142563.328125, 103080.03125, 0.0, 0.0, 0.0, 0.0, 0.0, 0.0, 0.0, 0.0, 0.0, 0.1063804179430008, 325.0, 0.0, 0.0, -0.7580403685569763, 0.018687989562749863, 0.4716135859489441, 0.04647316404617424
31572, -0.007012765388935804, -0.010283248499035835, 0.010413642972707748, 0.007045125588774681, 0.0006475520203821361, 0.004469596780836582, 131610.09375, 155882.3125, 85889.859375, 121625.828125, 142565.890625, 103082.1015625, 0.0, 0.0, 0.0, 0.0, 0.0, 0.0, 0.0, 0.0, 0.0, 0.1066230833530426, 323.0, 0.0, 0.0, -0.7580132484436035, 0.018681086599826813, 0.47160786390304565, 0.044881146273627
31591, -0.007407022174447775, -0.00996991153806448, 0.010505986399948597, 0.005689544137567282, 0.002365188905969262, 0.004100667778402567, 131598.890625, 155886.125, 85893.90625, 121633.2890625, 142565.890625, 103084.1640625, 0.0, 0.0, 0.0, 0.0, 0.0, 0.0, 0.0, 0.0, 0.0, 0.10503807663917542, 323.0, 0.0, 0.0, -0.7580510973930359, 0.018788117915391922, 0.4716698229312897, 0.045460767496329706
31611, -0.008371217176318169, -0.010608447715640068, 0.010370981879532337, 0.0011485354043543339, -0.00041956049972213805, 0.002564488211646676, 131601.75, 155882.3125, 85896.8671875, 121629.5546875, 142568.65625, 103085.4765625, 0.0, 0.0, 0.0, 0.0, 0.0, 0.0, 0.0, 0.0, 0.0, 0.10272254049777985, 323.0, 0.0, 0.0, -0.7579027414321899, 0.018571987748146057, 0.4717232584953308, 0.0442187763192728
31632, -0.007857094518840313, -0.010593175888061523, 0.01042433362454176, 0.0032518275547772646, -0.0010850371327251196, 0.0024595013819634914, 131606.234375, 155880.421875, 85888.4921875, 121627.3671875, 142568.15625, 103084.7265625, 0.0, 0.0, 0.0, 0.0, 0.0, 0.0, 0.0, 0.0, 0.0, 0.10118252784013748, 323.0, 0.0, 0.0, -0.7578765153884888, 0.018589608371257782, 0.4716867506504059, 0.04426497349747929
31651, -0.00780519237741828, -0.010341406799852848, 0.009889262728393078, 0.0033394834026694298, -0.00017850931908469647, -0.0008311326964758337, 131597.265625, 155884.21875, 85888.234375, 121629.5546875, 142568.15625, 103085.4765625, 0.0, 0.0, 0.0, 0.0, 0.0, 0.0, 0.0, 0.0, 0.0, 0.09892570972442627, 323.0, 0.0, 0.0, -0.7578970789909363, 0.01867322251200676, 0.4716755151748657, 0.04359963460138692
31671, -0.0074752457439899445, -0.010366969741880894, 0.009876556694507599, 0.004936722107231617, -0.0001359165325993672, -0.000482848467072472, 131604.0, 155882.3125, 85889.3046875, 121628.8984375, 142570.4375, 103084.7265625, 0.0, 0.0, 0.0, 0.0, 0.0, 0.0, 0.0, 0.0, 0.0, 0.09974131733179092, 322.0, 0.0, 0.0, -0.7579927444458008, 0.018667476251721382, 0.47162163257598877, 0.04489393776801126
31691, -0.007744197733700275, -0.0106878113001585, 0.00986885279417038, 0.003994183614850044, -0.0015555056743323803, -0.00038867632974870503, 131601.75, 155880.421875, 85887.15625, 121635.484375, 142568.65625, 103086.984375, 0.0, 0.0, 0.0, 0.0, 0.0, 0.0, 0.0, 0.0, 0.0, 0.09939756244421005, 322.0, 0.0, 0.0, -0.7579642534255981, 0.01876099780201912, 0.4716326594352722, 0.04598121754483207
31711, -0.00740842055529356, -0.010680141858756542, 0.009488070383667946, 0.005240797996520996, -0.0017201118171215057, -0.0025704731233417988, 131599.5, 155888.015625, 85888.234375, 121631.75, 142557.28125, 103082.65625, 0.0, 0.0, 0.0, 0.0, 0.0, 0.0, 0.0, 0.0, 0.0, 0.10159080475568771, 322.0, 0.0, 0.0, -0.7578839063644409, 0.01866564340889454, 0.4716993272304535, 0.04309546909786311
31731, -0.007743305992335081, -0.01037360355257988, 0.009432139806449413, 0.0030239496845752, -0.0005312067223712802, -0.0029530890751630068, 131600.125, 155882.3125, 85890.3828125, 121625.171875, 142561.828125, 103080.03125, 0.0, 0.0, 0.0, 0.0, 0.0, 0.0, 0.0, 0.0, 0.0, 0.10108919441699982, 324.0, 0.0, 0.0, -0.7580103874206543, 0.018727628514170647, 0.47163984179496765, 0.04610555943810862
31751, -0.007755929604172707, -0.010375486686825752, 0.008783519268035889, 0.0029655068647116423, -0.00041947379941120744, -0.005536979530006647, 131601.125, 155888.015625, 85892.828125, 121627.3671875, 142559.5625, 103082.8515625, 0.0, 0.0, 0.0, 0.0, 0.0, 0.0, 0.0, 0.0, 0.0, 0.10056228935718536, 324.0, 0.0, 0.0, -0.7578728199005127, 0.018702490255236626, 0.471663236618042, 0.043320902084855006
31771, -0.008049293421208858, -0.0103590227663517, 0.008676663041114807, 0.001603556564077735, 9.957580914488062e-06, -0.005248721223324537, 131593.40625, 155884.21875, 85895.796875, 121627.3671875, 142565.890625, 103082.1015625, 0.0, 0.0, 0.0, 0.0, 0.0, 0.0, 0.0, 0.0, 0.0, 0.10317610949277878, 324.0, 0.0, 0.0, -0.7579320073127747, 0.01858120784163475, 0.4716604948043823, 0.04576321327840764
31791, -0.008038012310862541, -0.010348496958613396, 0.0083032650873065, 0.0017860293155536056, 0.0005131547222845256, -0.00692882901057601, 131602.75, 155882.3125, 85885.265625, 121625.828125, 142570.4375, 103082.1015625, 0.0, 0.0, 0.0, 0.0, 0.0, 0.0, 0.0, 0.0, 0.0, 0.10473917424678802, 321.0, 0.0, 0.0, -0.7578899264335632, 0.018739424645900726, 0.4716718792915344, 0.044572679365249855
31812, -0.008034534752368927, -0.010353224352002144, 0.008157540112733841, 0.001589091494679451, -9.792057244339958e-05, -0.007613271940499544, 131599.5, 155882.3125, 85891.1953125, 121622.9765625, 142561.828125, 103083.6015625, 0.0, 0.0, 0.0, 0.0, 0.0, 0.0, 0.0, 0.0, 0.0, 0.10512860864400864, 321.0, 0.0, 0.0, -0.7579541802406311, 0.018676482141017914, 0.47170963883399963, 0.045040722232358964
31831, -0.008053294382989407, -0.010634448379278183, 0.010049325414001942, 0.0013300309656187892, -0.0015196084277704358, 0.0037932866252958775, 131601.125, 155880.421875, 85890.125, 121627.3671875, 142566.390625, 103086.2265625, 0.0, 0.0, 0.0, 0.0, 0.0, 0.0, 0.0, 0.0, 0.0, 0.10515500605106354, 321.0, 0.0, 0.0, -0.7578791379928589, 0.01869688555598259, 0.471620112657547, 0.04357997171501769
31851, -0.008304749615490437, -0.010871216654777527, 0.010129041969776154, 0.0003580331103876233, -0.0021450233180075884, 0.00404217466711998, 131597.890625, 155884.21875, 85884.453125, 121627.3671875, 142574.984375, 103086.2265625, 0.0, 0.0, 0.0, 0.0, 0.0, 0.0, 0.0, 0.0, 0.0, 0.10706786811351776, 317.0, 0.0, 0.0, -0.758079469203949, 0.018629081547260284, 0.4716266095638275, 0.046176214196444125
31871, -0.0078031462617218494, -0.010615154169499874, 0.010213992558419704, 0.0037534739822149277, -0.0005375269101932645, 0.003907449543476105, 131600.125, 155882.3125, 85887.4140625, 121628.8984375, 142568.65625, 103085.4765625, 0.0, 0.0, 0.0, 0.0, 0.0, 0.0, 0.0, 0.0, 0.0, 0.10848888009786606, 317.0, 0.0, 0.0, -0.7580195069313049, 0.018613237887620926, 0.471623033285141, 0.045475631338627996
31891, -0.007507465314120054, -0.01034843921661377, 0.009765706025063992, 0.005390508100390434, 0.0008062449633143842, 0.001191666699014604, 131597.890625, 155882.3125, 85884.453125, 121622.09375, 142561.828125, 103082.1015625, 0.0, 0.0, 0.0, 0.0, 0.0, 0.0, 0.0, 0.0, 0.0, 0.10844120383262634, 317.0, 0.0, 0.0, -0.7580442428588867, 0.01869412511587143, 0.4716585576534271, 0.04616743520076634
31911, -0.007713870611041784, -0.01063041016459465, 0.009788751602172852, 0.004048320464789867, -0.0010278354166075587, 0.000963047903496772, 131595.640625, 155884.21875, 85887.4140625, 121629.5546875, 142557.78125, 103084.1640625, 0.0, 0.0, 0.0, 0.0, 0.0, 0.0, 0.0, 0.0, 0.0, 0.10894323885440826, 319.0, 0.0, 0.0, -0.7579343914985657, 0.018776534125208855, 0.4716615378856659, 0.044675403072144286
31931, -0.007703470066189766, -0.010344102047383785, 0.009906751103699207, 0.004077170509845018, 0.0008519504335708916, 0.00229101930744946, 131603.375, 155884.21875, 85889.046875, 121622.9765625, 142565.390625, 103081.5390625, 0.0, 0.0, 0.0, 0.0, 0.0, 0.0, 0.0, 0.0, 0.0, 0.10563227534294128, 319.0, 0.0, 0.0, -0.7580118775367737, 0.018607081845402718, 0.4715884327888489, 0.04552289584295028
31951, -0.007613928522914648, -0.010324433445930481, 0.009952293708920479, 0.005130247212946415, 0.0009820222621783614, 0.002166706370189786, 131599.5, 155882.3125, 85890.125, 121629.5546875, 142562.328125, 103086.984375, 0.0, 0.0, 0.0, 0.0, 0.0, 0.0, 0.0, 0.0, 0.0, 0.10511688143014908, 319.0, 0.0, 0.0, -0.7579691410064697, 0.01870330423116684, 0.4716223180294037, 0.045637516766681735
31971, -0.007511629723012447, -0.010305037721991539, 0.01000367384403944, 0.005238199606537819, 0.0007719798595644534, 0.0018436977406963706, 131599.5, 155880.421875, 85880.671875, 121628.0234375, 142555.515625, 103081.5390625, 0.0, 0.0, 0.0, 0.0, 0.0, 0.0, 0.0, 0.0, 0.0, 0.1055331602692604, 316.0, 0.0, 0.0, -0.7580206394195557, 0.018831035122275352, 0.47149884700775146, 0.04658946991066331
31991, -0.0074126520194113255, -0.01029000710695982, 0.010041612200438976, 0.004931358154863119, 0.0006611555581912398, 0.0020002119708806276, 131595.015625, 155882.3125, 85890.125, 121625.828125, 142557.28125, 103080.03125, 0.0, 0.0, 0.0, 0.0, 0.0, 0.0, 0.0, 0.0, 0.0, 0.1053156927227974, 316.0, 0.0, 0.0, -0.7580325603485107, 0.0188400037586689, 0.4715256989002228, 0.04512590124726253
32012, -0.0070257470943033695, -0.010273449122905731, 0.010463638231158257, 0.00656097149476409, 0.0008641067543067038, 0.004358987789601088, 131600.125, 155884.21875, 85885.265625, 121629.5546875, 142559.5625, 103090.359375, 0.0, 0.0, 0.0, 0.0, 0.0, 0.0, 0.0, 0.0, 0.0, 0.10527675598859787, 318.0, 0.0, 0.0, -0.7579176425933838, 0.0188389141112566, 0.47150787711143494, 0.04652882961453865
32032, -0.007361395750194788, -0.010271654464304447, 0.010555179789662361, 0.005040233954787254, 0.0015189745463430882, 0.004789964761584997, 131602.375, 155884.21875, 85891.75, 121636.140625, 142560.84375, 103084.1640625, 0.0, 0.0, 0.0, 0.0, 0.0, 0.0, 0.0, 0.0, 0.0, 0.10587136447429657, 318.0, 0.0, 0.0, -0.7578642964363098, 0.018998824059963226, 0.4715310037136078, 0.04339338076463621
32051, -0.008097928017377853, -0.010661999695003033, 0.010809775441884995, 0.001790825743228197, 6.300464974628994e-06, 0.0056883892975747585, 131601.125, 155882.3125, 85886.34375, 121628.0234375, 142560.0625, 103089.046875, 0.0, 0.0, 0.0, 0.0, 0.0, 0.0, 0.0, 0.0, 0.0, 0.10432860255241394, 318.0, 0.0, 0.0, -0.7580183744430542, 0.01867975853383541, 0.47168421745300293, 0.04448868974262338
32071, -0.007416697219014168, -0.010288259945809841, 0.010924989357590675, 0.004684193525463343, 0.001491654315032065, 0.005604134406894445, 131593.40625, 155882.3125, 85886.078125, 121633.2890625, 142557.78125, 103086.2265625, 0.0, 0.0, 0.0, 0.0, 0.0, 0.0, 0.0, 0.0, 0.0, 0.10316973179578781, 313.0, 0.0, 0.0, -0.7579508423805237, 0.01868799701333046, 0.4716304838657379, 0.045507026228715254
32091, -0.007474020589143038, -0.010294231586158276, 0.010232626460492611, 0.0037106594536453485, 0.001055034575983882, 0.0011680368334054947, 131597.890625, 155884.21875, 85885.265625, 121631.09375, 142561.828125, 103080.03125, 0.0, 0.0, 0.0, 0.0, 0.0, 0.0, 0.0, 0.0, 0.0, 0.1025424674153328, 313.0, 0.0, 0.0, -0.7578978538513184, 0.01865500397980213, 0.4716416299343109, 0.043402395196991586
32111, -0.007395581342279911, -0.010267642326653004, 0.010260243900120258, 0.003737492486834526, 0.001512183342128992, 0.0016739318380132318, 131604.609375, 155882.3125, 85885.5234375, 121631.75, 142566.390625, 103080.03125, 0.0, 0.0, 0.0, 0.0, 0.0, 0.0, 0.0, 0.0, 0.0, 0.10179172456264496, 313.0, 0.0, 0.0, -0.7579625844955444, 0.018584037199616432, 0.4717446565628052, 0.04375193957886485
32131, -0.007309359963983297, -0.010233400389552116, 0.010297160595655441, 0.004518613219261169, 0.0016184666892513633, 0.002069818554446101, 131593.40625, 155882.3125, 85885.265625, 121628.6796875, 142551.453125, 103078.71875, 0.0, 0.0, 0.0, 0.0, 0.0, 0.0, 0.0, 0.0, 0.0, 0.1016879677772522, 310.0, 0.0, 0.0, -0.7579817771911621, 0.01871819980442524, 0.47162503004074097, 0.0445404979912573
32151, -0.007194424979388714, -0.010199242271482944, 0.009791319258511066, 0.005523092579096556, 0.0016436880687251687, -0.0006328754243440926, 131595.015625, 155880.421875, 85882.296875, 121630.2109375, 142559.5625, 103084.1640625, 0.0, 0.0, 0.0, 0.0, 0.0, 0.0, 0.0, 0.0, 0.0, 0.1001926064491272, 310.0, 0.0, 0.0, -0.7579466700553894, 0.018644025549292564, 0.47162723541259766, 0.04461194406974383
32171, -0.007183482404798269, -0.010662234388291836, 0.00977663416415453, 0.005250995978713036, -0.0006264884141273797, -0.000901401974260807, 131600.125, 155884.21875, 85890.125, 121629.5546875, 142562.328125, 103082.1015625, 0.0, 0.0, 0.0, 0.0, 0.0, 0.0, 0.0, 0.0, 0.0, 0.09945089370012283, 310.0, 0.0, 0.0, -0.7579238414764404, 0.018604209646582603, 0.4716581404209137, 0.04474975321744563
32191, -0.0071517848409712315, -0.009722636081278324, 0.009436697699129581, 0.005062965210527182, 0.003153064753860235, -0.0024000387638807297, 131590.15625, 155884.21875, 85880.40625, 121625.828125, 142557.28125, 103084.1640625, 0.0, 0.0, 0.0, 0.0, 0.0, 0.0, 0.0, 0.0, 0.0, 0.10113608837127686, 311.0, 0.0, 0.0, -0.757943868637085, 0.01864473521709442, 0.4716740846633911, 0.04377403277202087
32211, -0.007265177089720964, -0.010206563398241997, 0.00940057635307312, 0.004641345236450434, 0.0011258332524448633, -0.001532334485091269, 131594.015625, 155880.421875, 85883.375, 121621.4375, 142563.609375, 103080.7890625, 0.0, 0.0, 0.0, 0.0, 0.0, 0.0, 0.0, 0.0, 0.0, 0.09986431151628494, 311.0, 0.0, 0.0, -0.7579410672187805, 0.018674582242965698, 0.4716108739376068, 0.04313568578818399
32231, -0.007171930279582739, -0.01018238253891468, 0.009630248881876469, 0.005529316607862711, 0.001340721850283444, -0.00016667283489368856, 131595.015625, 155882.3125, 85886.078125, 121624.2890625, 142552.734375, 103080.7890625, 0.0, 0.0, 0.0, 0.0, 0.0, 0.0, 0.0, 0.0, 0.0, 0.09937504678964615, 311.0, 0.0, 0.0, -0.7579737305641174, 0.018712719902396202, 0.4716465175151825, 0.04599454556695975
32252, -0.007704701274633408, -0.010638648644089699, 0.009626145474612713, 0.0034639148507267237, -0.0011753286235034466, -0.0005013291956856847, 131591.78125, 155880.421875, 85881.484375, 121617.7109375, 142550.96875, 103078.71875, 0.0, 0.0, 0.0, 0.0, 0.0, 0.0, 0.0, 0.0, 0.0, 0.10029248148202896, 307.0, 0.0, 0.0, -0.7579022645950317, 0.018807195127010345, 0.47155699133872986, 0.0433527915064418
32271, -0.007402036804705858, -0.010232347995042801, 0.010177566669881344, 0.004462455864995718, 0.0002714130387175828, 0.002400713972747326, 131589.53125, 155882.3125, 85878.515625, 121619.2421875, 142559.5625, 103082.8515625, 0.0, 0.0, 0.0, 0.0, 0.0, 0.0, 0.0, 0.0, 0.0, 0.1014145240187645, 307.0, 0.0, 0.0, -0.7579989433288574, 0.01862666942179203, 0.4716550409793854, 0.04532112821102126
32291, -0.0073105585761368275, -0.010223331861197948, 0.010228423401713371, 0.0047094509936869144, 0.0007155533530749381, 0.002727322746068239, 131591.78125, 155884.21875, 85874.734375, 121617.0546875, 142554.515625, 103079.4765625, 0.0, 0.0, 0.0, 0.0, 0.0, 0.0, 0.0, 0.0, 0.0, 0.10094433277845383, 307.0, 0.0, 0.0, -0.7580312490463257, 0.01870475523173809, 0.4716281294822693, 0.04509412703118322
32311, -0.007393490523099899, -0.010243074037134647, 0.010180331766605377, 0.004200618714094162, 0.0009782492415979505, 0.0020919041708111763, 131593.40625, 155882.3125, 85878.515625, 121625.171875, 142554.515625, 103080.7890625, 0.0, 0.0, 0.0, 0.0, 0.0, 0.0, 0.0, 0.0, 0.0, 0.10000871121883392, 311.0, 0.0, 0.0, -0.7580363750457764, 0.018738415092229843, 0.4715577960014343, 0.04550114565797591
32332, -0.0074034398421645164, -0.01065197866410017, 0.010224495083093643, 0.0042394609190523624, -0.0011975858360528946, 0.0025211144238710403, 131593.40625, 155880.421875, 85881.21875, 121619.2421875, 142558.28125, 103084.1640625, 0.0, 0.0, 0.0, 0.0, 0.0, 0.0, 0.0, 0.0, 0.0, 0.10022542625665665, 311.0, 0.0, 0.0, -0.7579710483551025, 0.018694479018449783, 0.4716606140136719, 0.04576134348308884
32351, -0.007779433857649565, -0.010262713767588139, 0.010265743359923363, 0.0027129792142659426, -6.116901931818575e-05, 0.001707057119347155, 131595.640625, 155884.21875, 85876.625, 121632.40625, 142553.734375, 103077.40625, 0.0, 0.0, 0.0, 0.0, 0.0, 0.0, 0.0, 0.0, 0.0, 0.10023127496242523, 311.0, 0.0, 0.0, -0.7579998970031738, 0.0186250451952219, 0.4716796576976776, 0.045445773608889684
32371, -0.0077199251390993595, -0.010262303985655308, 0.010177846066653728, 0.0028220112435519695, -0.00010705823660828173, 0.0010809953091666102, 131591.15625, 155882.3125, 85875.8125, 121623.6328125, 142554.015625, 103089.609375, 0.0, 0.0, 0.0, 0.0, 0.0, 0.0, 0.0, 0.0, 0.0, 0.1009267196059227, 304.0, 0.0, 0.0, -0.7580122351646423, 0.018751349300146103, 0.471600204706192, 0.04563218105909766
32391, -0.007657963316887617, -0.01026118267327547, 0.010199232026934624, 0.003070506965741515, -3.031036067113746e-05, 0.0012235373724251986, 131592.78125, 155880.421875, 85875.8125, 121626.484375, 142555.515625, 103080.7890625, 0.0, 0.0, 0.0, 0.0, 0.0, 0.0, 0.0, 0.0, 0.0, 0.10060324519872665, 304.0, 0.0, 0.0, -0.7579886317253113, 0.018634142354130745, 0.471719354391098, 0.04516869556855615
32411, -0.006694947835057974, -0.010232843458652496, 0.00969563890248537, 0.007104939315468073, 0.0006055572303012013, -0.0017850609729066491, 131588.296875, 155880.421875, 85875.8125, 121625.828125, 142550.96875, 103078.71875, 0.0, 0.0, 0.0, 0.0, 0.0, 0.0, 0.0, 0.0, 0.0, 0.10091197490692139, 307.0, 0.0, 0.0, -0.7579470276832581, 0.018668798729777336, 0.47160741686820984, 0.04492937396232552
32431, -0.007160368841141462, -0.010212346911430359, 0.009656675159931183, 0.005149284843355417, 0.0004603508277796209, -0.0024318259675055742, 131595.015625, 155880.421875, 85872.84375, 121622.09375, 142552.734375, 103081.5390625, 0.0, 0.0, 0.0, 0.0, 0.0, 0.0, 0.0, 0.0, 0.0, 0.0997387170791626, 307.0, 0.0, 0.0, -0.7579493522644043, 0.018753109499812126, 0.4716176688671112, 0.044384733288723256
32451, -0.007627447601407766, -0.010668222792446613, 0.009755793027579784, 0.003142978297546506, -0.0016668023308739066, -0.0020205022301524878, 131585.046875, 155880.421875, 85880.40625, 121623.6328125, 142552.734375, 103081.5390625, 0.0, 0.0, 0.0, 0.0, 0.0, 0.0, 0.0, 0.0, 0.0, 0.09857852011919022, 307.0, 0.0, 0.0, -0.7579554915428162, 0.01873690076172352, 0.47170618176460266, 0.04469546838033022
32471, -0.00765893654897809, -0.010211050510406494, 0.00971795991063118, 0.002969629131257534, 0.00034770098864100873, -0.0018207160755991936, 131587.921875, 155882.3125, 85878.78125, 121623.6328125, 142550.96875, 103080.7890625, 0.0, 0.0, 0.0, 0.0, 0.0, 0.0, 0.0, 0.0, 0.0, 0.09764821827411652, 309.0, 0.0, 0.0, -0.7579118013381958, 0.01878131367266178, 0.47170883417129517, 0.0428476020174209
32491, -0.007666845340281725, -0.009745310992002487, 0.009802850894629955, 0.003245873609557748, 0.0026102205738425255, -0.0011654141126200557, 131593.40625, 155878.515625, 85870.953125, 121625.828125, 142550.46875, 103079.4765625, 0.0, 0.0, 0.0, 0.0, 0.0, 0.0, 0.0, 0.0, 0.0, 0.0959913432598114, 309.0, 0.0, 0.0, -0.7578917741775513, 0.018754610791802406, 0.4718228280544281, 0.0430090710651822
32511, -0.0072032380849123, -0.009731252677738667, 0.009780441410839558, 0.005461840890347958, 0.0024536626879125834, -0.0011941979173570871, 131592.40625, 155882.3125, 85875.8125, 121623.6328125, 142553.734375, 103084.9140625, 0.0, 0.0, 0.0, 0.0, 0.0, 0.0, 0.0, 0.0, 0.0, 0.09385360777378082, 309.0, 0.0, 0.0, -0.7579597234725952, 0.01881144568324089, 0.47165319323539734, 0.04427365067330152
32531, -0.007370783947408199, -0.009807911701500416, 0.009769216179847717, 0.004609455820173025, 0.0021541048772633076, -0.001300151227042079, 131593.40625, 155878.515625, 85877.4453125, 121629.5546875, 142548.1875, 103084.1640625, 0.0, 0.0, 0.0, 0.0, 0.0, 0.0, 0.0, 0.0, 0.0, 0.09351646900177002, 306.0, 0.0, 0.0, -0.7579752802848816, 0.018752094358205795, 0.4716244339942932, 0.04486870932829311
32551, -0.007357098162174225, -0.010644153691828251, 0.01027674786746502, 0.004681802354753017, -0.0017672139219939709, 0.0015282739186659455, 131591.15625, 155880.421875, 85876.625, 121621.4375, 142553.234375, 103078.71875, 0.0, 0.0, 0.0, 0.0, 0.0, 0.0, 0.0, 0.0, 0.0, 0.09371517598628998, 306.0, 0.0, 0.0, -0.757992684841156, 0.018680542707443237, 0.47171127796173096, 0.04516588564082693
32571, -0.007333363406360149, -0.009789125062525272, 0.010306657291948795, 0.005040787160396576, 0.001878378796391189, 0.001612810418009758, 131591.15625, 155878.515625, 85875.0, 121627.3671875, 142550.96875, 103083.6015625, 0.0, 0.0, 0.0, 0.0, 0.0, 0.0, 0.0, 0.0, 0.0, 0.09468425810337067, 306.0, 0.0, 0.0, -0.7579095363616943, 0.018870223313570023, 0.47156232595443726, 0.04281728069797175
32591, -0.007185789756476879, -0.009743733331561089, 0.008942230604588985, 0.006096231285482645, 0.002461860189214349, -0.005135469604283571, 131594.015625, 155880.421875, 85874.734375, 121618.5859375, 142548.1875, 103076.65625, 0.0, 0.0, 0.0, 0.0, 0.0, 0.0, 0.0, 0.0, 0.0, 0.09470971673727036, 304.0, 0.0, 0.0, -0.7579864859580994, 0.01866108737885952, 0.4716791808605194, 0.04557695679304293
32611, -0.006892628502100706, -0.009779327549040318, 0.008835558779537678, 0.007084505632519722, 0.0021364332642406225, -0.0053744991309940815, 131591.15625, 155882.3125, 85871.21875, 121618.3671875, 142546.421875, 103078.71875, 0.0, 0.0, 0.0, 0.0, 0.0, 0.0, 0.0, 0.0, 0.0, 0.09642980247735977, 304.0, 0.0, 0.0, -0.7579710483551025, 0.018631068989634514, 0.4717163145542145, 0.045557220670779185
32631, -0.007323293015360832, -0.009814346209168434, 0.00879665371030569, 0.004654997959733009, 0.0013552105519920588, -0.0049074990674853325, 131587.921875, 155880.421875, 85870.953125, 121628.0234375, 142552.234375, 103076.1015625, 0.0, 0.0, 0.0, 0.0, 0.0, 0.0, 0.0, 0.0, 0.0, 0.09467875957489014, 304.0, 0.0, 0.0, -0.7579715847969055, 0.01885398104786873, 0.47160398960113525, 0.04507794806842603
32651, -0.007313947193324566, -0.010249308310449123, 0.008695903234183788, 0.004583280999213457, -0.0002552407968323678, -0.004934302996844053, 131585.046875, 155880.421875, 85870.953125, 121621.4375, 142555.015625, 103079.4765625, 0.0, 0.0, 0.0, 0.0, 0.0, 0.0, 0.0, 0.0, 0.0, 0.09491097927093506, 300.0, 0.0, 0.0, -0.7580352425575256, 0.0187042448669672, 0.4716656506061554, 0.04591391649083803
32671, -0.007379498332738876, -0.009863486513495445, 0.007894646376371384, 0.004430499859154224, 0.0019120231736451387, -0.008495369926095009, 131580.5625, 155880.421875, 85873.921875, 121623.6328125, 142550.46875, 103074.03125, 0.0, 0.0, 0.0, 0.0, 0.0, 0.0, 0.0, 0.0, 0.0, 0.09572028368711472, 300.0, 0.0, 0.0, -0.7580169439315796, 0.018700066953897476, 0.47165367007255554, 0.04511713443561638
32691, -0.007362821605056524, -0.010264367796480656, 0.007726115640252829, 0.004435648676007986, 0.0006222410593181849, -0.008533659391105175, 131589.53125, 155882.3125, 85864.2109375, 121629.5546875, 142548.6875, 103080.7890625, 0.0, 0.0, 0.0, 0.0, 0.0, 0.0, 0.0, 0.0, 0.0, 0.09726371616125107, 300.0, 0.0, 0.0, -0.7580275535583496, 0.018723158165812492, 0.471610963344574, 0.045179846483123336
32711, -0.007301649544388056, -0.010250881314277649, 0.008971672505140305, 0.004660769831389189, 0.00035062842653132975, -0.0013537928462028503, 131592.78125, 155880.421875, 85870.953125, 121624.2890625, 142545.921875, 103080.7890625, 0.0, 0.0, 0.0, 0.0, 0.0, 0.0, 0.0, 0.0, 0.0, 0.09812025725841522, 303.0, 0.0, 0.0, -0.7580389976501465, 0.01859981194138527, 0.47161388397216797, 0.0458664979409005
32731, -0.00739320507273078, -0.0102572375908494, 0.008944420143961906, 0.004216673783957958, 0.00032911807647906244, -0.0015138473827391863, 131581.8125, 155878.515625, 85870.953125, 121620.5546875, 142539.09375, 103078.71875, 0.0, 0.0, 0.0, 0.0, 0.0, 0.0, 0.0, 0.0, 0.0, 0.09716695547103882, 303.0, 0.0, 0.0, -0.7579779624938965, 0.018739625811576843, 0.4715907871723175, 0.04505762898347689
32751, -0.007412740960717201, -0.010640881955623627, 0.008957820013165474, 0.004205159842967987, -0.0011330965207889676, -0.001009949017316103, 131583.4375, 155876.625, 85866.1015625, 121619.8984375, 142543.359375, 103076.1015625, 0.0, 0.0, 0.0, 0.0, 0.0, 0.0, 0.0, 0.0, 0.0, 0.09713611751794815, 303.0, 0.0, 0.0, -0.7580193281173706, 0.018843043595552444, 0.4715697467327118, 0.04815849136810238
32771, -0.007428514305502176, -0.010250366292893887, 0.008936844766139984, 0.004419176373630762, 0.0008699685567989945, -0.001242472673766315, 131583.4375, 155878.515625, 85864.46875, 121625.828125, 142545.921875, 103076.65625, 0.0, 0.0, 0.0, 0.0, 0.0, 0.0, 0.0, 0.0, 0.0, 0.09842383861541748, 303.0, 0.0, 0.0, -0.7579700946807861, 0.018837494775652885, 0.4716796576976776, 0.044974548278698546
32792, -0.007289195898920298, -0.010229406878352165, 0.008928371593356133, 0.004779688082635403, 0.0005573335802182555, -0.001598590286448598, 131585.671875, 155880.421875, 85864.46875, 121628.0234375, 142541.875, 103077.40625, 0.0, 0.0, 0.0, 0.0, 0.0, 0.0, 0.0, 0.0, 0.0, 0.0976804867386818, 303.0, 0.0, 0.0, -0.7579144239425659, 0.018985584378242493, 0.4717363715171814, 0.04368031872124711
32811, -0.007391019258648157, -0.010232160799205303, 0.00889345072209835, 0.004127359017729759, 0.00022513995645567775, -0.0017169546335935593, 131587.296875, 155880.421875, 85865.0234375, 121626.484375, 142542.359375, 103074.59375, 0.0, 0.0, 0.0, 0.0, 0.0, 0.0, 0.0, 0.0, 0.0, 0.09840382635593414, 301.0, 0.0, 0.0, -0.7579545974731445, 0.018866311758756638, 0.47150933742523193, 0.04579437814619957
32831, -0.007045178674161434, -0.010217911563813686, 0.00887618400156498, 0.005278854630887508, 0.00041645418968982995, -0.0016852039843797684, 131582.1875, 155878.515625, 85862.3203125, 121622.09375, 142547.6875, 103075.34375, 0.0, 0.0, 0.0, 0.0, 0.0, 0.0, 0.0, 0.0, 0.0, 0.0965644121170044, 301.0, 0.0, 0.0, -0.757972240447998, 0.018755393102765083, 0.4715091586112976, 0.046849560296681386
32851, -0.007083778735250235, -0.010596820153295994, 0.009323895908892155, 0.004704213701188564, -0.000774261134210974, 0.0008515447261743248, 131591.15625, 155878.515625, 85859.3515625, 121626.484375, 142546.421875, 103075.34375, 0.0, 0.0, 0.0, 0.0, 0.0, 0.0, 0.0, 0.0, 0.0, 0.0997169241309166, 301.0, 0.0, 0.0, -0.757937490940094, 0.018810182809829712, 0.4716029763221741, 0.04467252404645011
32871, -0.006977439858019352, -0.010612930171191692, 0.009342783130705357, 0.005800122860819101, -0.0007508652633987367, 0.0008100643171928823, 131572.21875, 155880.421875, 85862.3203125, 121622.75, 142546.421875, 103078.1640625, 0.0, 0.0, 0.0, 0.0, 0.0, 0.0, 0.0, 0.0, 0.0, 0.09953268617391586, 299.0, 0.0, 0.0, -0.7579084634780884, 0.01881808042526245, 0.4715486764907837, 0.043048993051160445
32891, -0.007818229496479034, -0.01021500863134861, 0.009218082763254642, 0.0026618049014359713, 0.0003879327850881964, -0.00023575991508550942, 131587.296875, 155876.625, 85865.28125, 121620.5546875, 142550.46875, 103074.59375, 0.0, 0.0, 0.0, 0.0, 0.0, 0.0, 0.0, 0.0, 0.0, 0.09949804097414017, 299.0, 0.0, 0.0, -0.7579188346862793, 0.018770018592476845, 0.471691757440567, 0.04487360548713722
32911, -0.007764376234263182, -0.010211087763309479, 0.00921116303652525, 0.0028521607164293528, 0.0001537006173748523, -0.0006710791494697332, 131585.671875, 155882.3125, 85862.3203125, 121619.8984375, 142546.421875, 103078.1640625, 0.0, 0.0, 0.0, 0.0, 0.0, 0.0, 0.0, 0.0, 0.0, 0.09878292679786682, 299.0, 0.0, 0.0, -0.7578994035720825, 0.018816519528627396, 0.4716452360153198, 0.04437311087728004
32931, -0.007714907638728619, -0.010204646736383438, 0.009510870091617107, 0.0031454318668693304, 0.0006287341238930821, 0.0010650578187778592, 131587.296875, 155878.515625, 85856.6484375, 121628.0234375, 142543.640625, 103083.6015625, 0.0, 0.0, 0.0, 0.0, 0.0, 0.0, 0.0, 0.0, 0.0, 0.09891622513532639, 298.0, 0.0, 0.0, -0.7579856514930725, 0.018543407320976257, 0.47172811627388, 0.04409773364526452
32951, -0.007651752792298794, -0.01017677877098322, 0.00954403355717659, 0.0036487237084656954, 0.000865720328874886, 0.0012336467625573277, 131585.671875, 155878.515625, 85859.3515625, 121624.2890625, 142546.90625, 103081.5390625, 0.0, 0.0, 0.0, 0.0, 0.0, 0.0, 0.0, 0.0, 0.0, 0.09770355373620987, 298.0, 0.0, 0.0, -0.7578924298286438, 0.018560264259576797, 0.4716993570327759, 0.0430318879128001
32971, -0.007125698961317539, -0.009647753089666367, 0.01012204959988594, 0.00606678007170558, 0.002898301463574171, 0.003999638371169567, 131585.046875, 155880.421875, 85858.5390625, 121628.0234375, 142545.921875, 103071.96875, 0.0, 0.0, 0.0, 0.0, 0.0, 0.0, 0.0, 0.0, 0.0, 0.09517264366149902, 298.0, 0.0, 0.0, -0.7578954696655273, 0.018729351460933685, 0.4716412127017975, 0.04453763237870276
32991, -0.007118596229702234, -0.010194952599704266, 0.01019931398332119, 0.005786627531051636, 0.0001611512416275218, 0.0035084334667772055, 131581.1875, 155878.515625, 85864.2109375, 121622.09375, 142537.3125, 103080.7890625, 0.0, 0.0, 0.0, 0.0, 0.0, 0.0, 0.0, 0.0, 0.0, 0.09313096106052399, 299.0, 0.0, 0.0, -0.7579842805862427, 0.018761195242404938, 0.4716646075248718, 0.044880191915306775
33011, -0.0069884913973510265, -0.010192637331783772, 0.009784689173102379, 0.006169080268591642, 0.00020985635637771338, 0.0009151155827566981, 131581.8125, 155876.625, 85860.4296875, 121622.75, 142537.3125, 103077.40625, 0.0, 0.0, 0.0, 0.0, 0.0, 0.0, 0.0, 0.0, 0.0, 0.09507633745670319, 299.0, 0.0, 0.0, -0.7579975128173828, 0.018812349066138268, 0.47166335582733154, 0.04544127677817559
33033, -0.0071344939060509205, -0.010748532600700855, 0.009818386286497116, 0.005569573026150465, -0.0018891457002609968, 0.000992433400824666, 131582.8125, 155880.421875, 85860.4296875, 121623.6328125, 142542.359375, 103074.03125, 0.0, 0.0, 0.0, 0.0, 0.0, 0.0, 0.0, 0.0, 0.0, 0.09307006001472473, 299.0, 0.0, 0.0, -0.7579709887504578, 0.01867159828543663, 0.47161880135536194, 0.0447974650833645
33053, -0.007730850018560886, -0.01070372574031353, 0.009892664849758148, 0.0028893807902932167, -0.001949134049937129, 0.001107418560422957, 131584.046875, 155876.625, 85855.5703125, 121617.484375, 142537.8125, 103079.4765625, 0.0, 0.0, 0.0, 0.0, 0.0, 0.0, 0.0, 0.0, 0.0, 0.0917447954416275, 295.0, 0.0, 0.0, -0.7579940557479858, 0.018767861649394035, 0.47165951132774353, 0.045353238074848104
33073, -0.0073657771572470665, -0.0106260497123003, 0.009912681765854359, 0.004004271700978279, -0.0023337171878665686, 0.0009406666504219174, 131585.046875, 155878.515625, 85854.7578125, 121618.3671875, 142533.265625, 103066.5234375, 0.0, 0.0, 0.0, 0.0, 0.0, 0.0, 0.0, 0.0, 0.0, 0.09094999730587006, 295.0, 0.0, 0.0, -0.7580374479293823, 0.01881999894976616, 0.471530020236969, 0.04670293906076301
33092, -0.007026520557701588, -0.01016433909535408, 0.009935304522514343, 0.005375246983021498, -0.0006497168214991689, 0.0012110554380342364, 131581.1875, 155878.515625, 85853.1328125, 121624.2890625, 142538.3125, 103080.7890625, 0.0, 0.0, 0.0, 0.0, 0.0, 0.0, 0.0, 0.0, 0.0, 0.09128803759813309, 295.0, 0.0, 0.0, -0.7579952478408813, 0.018665768206119537, 0.4716395139694214, 0.04454693872761451
33112, -0.007059453520923853, -0.009762194007635117, 0.010407541878521442, 0.0052159447222948074, 0.001070016180165112, 0.0037435349076986313, 131581.1875, 155878.515625, 85847.1953125, 121618.3671875, 142537.3125, 103086.984375, 0.0, 0.0, 0.0, 0.0, 0.0, 0.0, 0.0, 0.0, 0.0, 0.09086887538433075, 295.0, 0.0, 0.0, -0.7579325437545776, 0.018827037885785103, 0.4716700315475464, 0.045566813516924556
33131, -0.0074946084059774876, -0.010168299078941345, 0.010485206730663776, 0.003521234728395939, -0.0004908507689833641, 0.003798934631049633, 131583.4375, 155876.625, 85856.6484375, 121623.6328125, 142543.640625, 103065.21875, 0.0, 0.0, 0.0, 0.0, 0.0, 0.0, 0.0, 0.0, 0.0, 0.08999942243099213, 295.0, 0.0, 0.0, -0.7579323053359985, 0.018725015223026276, 0.4716365337371826, 0.044035111996134316
33151, -0.0074939969927072525, -0.00976286269724369, 0.010758932679891586, 0.003620607778429985, 0.0009998843306675553, 0.005016040988266468, 131572.84375, 155878.515625, 85851.2421875, 121618.3671875, 142533.265625, 103081.5390625, 0.0, 0.0, 0.0, 0.0, 0.0, 0.0, 0.0, 0.0, 0.0, 0.08817320317029953, 295.0, 0.0, 0.0, -0.7580713033676147, 0.018639739602804184, 0.47165951132774353, 0.04619301969073013
33171, -0.0074209049344062805, -0.009751555509865284, 0.01085613016039133, 0.003791958326473832, 0.0003504710621200502, 0.004548695404082537, 131580.5625, 155878.515625, 85852.8671875, 121610.8984375, 142541.875, 103078.1640625, 0.0, 0.0, 0.0, 0.0, 0.0, 0.0, 0.0, 0.0, 0.0, 0.08843524008989334, 294.0, 0.0, 0.0, -0.7579082250595093, 0.0187870841473341, 0.4716077446937561, 0.04470445490856327
33191, -0.007394738961011171, -0.010607680305838585, 0.010990292765200138, 0.0036561102606356144, -0.003380859037861228, 0.005088272504508495, 131581.8125, 155878.515625, 85850.9765625, 121622.09375, 142530.5, 103074.03125, 0.0, 0.0, 0.0, 0.0, 0.0, 0.0, 0.0, 0.0, 0.0, 0.08990076929330826, 294.0, 0.0, 0.0, -0.7579076886177063, 0.018767381086945534, 0.47161710262298584, 0.044858380690677074
33211, -0.007472028490155935, -0.009746359661221504, 0.011104295030236244, 0.0031774763483554125, 0.00044136412907391787, 0.0057992790825665, 131572.84375, 155878.515625, 85851.7890625, 121626.484375, 142533.265625, 103079.4765625, 0.0, 0.0, 0.0, 0.0, 0.0, 0.0, 0.0, 0.0, 0.0, 0.08751078695058823, 294.0, 0.0, 0.0, -0.7579293251037598, 0.018677258864045143, 0.4717120826244354, 0.04322809729096287
33231, -0.007398595567792654, -0.009734862484037876, 0.010730930604040623, 0.0033725742250680923, 0.0008707959204912186, 0.003079123329371214, 131575.703125, 155878.515625, 85852.8671875, 121624.2890625, 142545.921875, 103076.1015625, 0.0, 0.0, 0.0, 0.0, 0.0, 0.0, 0.0, 0.0, 1.0, 0.085959292948246, 295.0, 0.0, 0.0, -0.7578543424606323, 0.018654046580195427, 0.4717227816581726, 0.04366436271134667
33251, -0.007442050613462925, -0.010183627717196941, 0.010796280577778816, 0.0034843673929572105, -0.0011844842229038477, 0.0031947188545018435, 131575.078125, 155878.515625, 85843.15625, 121620.5546875, 142531.0, 103070.65625, 0.0, 0.0, 0.0, 0.0, 0.0, 0.0, 0.0, 0.0, 1.0, 0.08572240173816681, 295.0, 0.0, 0.0, -0.7579260468482971, 0.018887987360358238, 0.4716755747795105, 0.04541872169776361
33271, -0.007427007891237736, -0.010205521248281002, 0.010864089243113995, -0.0019999451469630003, -0.0010009158868342638, 0.004350332543253899, 131579.5625, 155872.8125, 85844.234375, 121623.6328125, 142544.140625, 103071.96875, 0.0, 0.0, 0.0, 0.0, 0.0, 0.0, 0.0, 0.0, 1.0, 0.09288065880537033, 287.0, 0.0, 0.0, -0.7579936981201172, 0.01870901882648468, 0.47164279222488403, 0.04639233972597588
33291, -0.007332182954996824, -0.009722058661282063, 0.008840917609632015, -0.0067513128742575645, 0.00133573601488024, -0.005350243300199509, 131580.5625, 155876.625, 85848.015625, 121614.6328125, 142536.828125, 103070.65625, 0.0, 0.0, 0.0, 0.0, 0.0, 0.0, 0.0, 0.0, 1.0, 0.08676961809396744, 287.0, 0.0, 0.0, -0.7579817771911621, 0.01883113756775856, 0.4716399013996124, 0.045541987985401045
33311, -0.007028166204690933, -0.010380665771663189, 0.008806190453469753, -0.010613664984703064, -0.0009961131727322936, 0.0038925118278712034, 131561.625, 155876.625, 85840.453125, 121606.7421875, 142523.671875, 103064.4609375, 0.0, 0.0, 0.0, 0.0, 0.0, 0.0, 0.0, 0.0, 1.0, 0.029064660891890526, 287.0, 0.0, 0.0, -0.7579736113548279, 0.01893308386206627, 0.47175565361976624, 0.04376084858426491
33331, -0.006279226392507553, -0.011365823447704315, 0.007111799903213978, -0.013604427687823772, -0.004424809478223324, 0.015452468767762184, 131559.390625, 155876.625, 85845.3046875, 121607.3984375, 142525.953125, 103071.96875, 0.0, 0.0, 0.0, 0.0, 0.0, 0.0, 0.0, 0.0, 1.0, 0.06379629671573639, 32766.0, 0.0, 0.0, -0.7580923438072205, 0.019606007263064384, 0.471813440322876, 0.04439515018287686
33351, 0.0008847333956509829, -0.016239887103438377, 0.007901671342551708, 0.008462897501885891, -0.02317550592124462, 0.05523449927568436, 131560.015625, 155876.625, 85846.125, 121617.7109375, 142519.625, 103071.21875, 0.0, 0.0, 0.0, 0.0, 0.0, 0.0, 0.0, 0.0, 1.0, 0.12694784998893738, 32766.0, 0.0, 0.0, -0.7582499384880066, 0.021876277402043343, 0.4718635082244873, 0.046437675148216354
33371, 0.00692623620852828, -0.013029593043029308, 0.006329176016151905, 0.02714507281780243, -0.00549224903807044, 0.10442307591438293, 131557.765625, 155880.421875, 85837.484375, 121619.0234375, 142516.859375, 103065.7734375, 0.0, 0.0, 0.0, 0.0, 0.0, 0.0, 0.0, 0.0, 1.0, 0.14440907537937164, 32766.0, 0.0, 0.0, -0.7582888603210449, 0.02434123493731022, 0.4722687602043152, 0.0429938646150404
33391, 0.013497970066964626, -0.018217500299215317, 0.00877308752387762, 0.05276922881603241, -0.026107672601938248, 0.16695636510849, 131560.015625, 155878.515625, 85835.59375, 121621.2109375, 142517.359375, 103068.59375, 0.0, 0.0, 0.0, 0.0, 0.0, 0.0, 0.0, 0.0, 1.0, 0.16207294166088104, 395.0, 0.0, 0.0, -0.7583851218223572, 0.028933962807059288, 0.47270968556404114, 0.048196022862538705
33411, 0.023112626746296883, -0.018393415957689285, 0.008654299192130566, 0.09727905690670013, -0.024854982271790504, 0.19356895983219147, 131564.5, 155872.8125, 85829.109375, 121632.1796875, 142520.125, 103074.7890625, 0.0, 0.0, 0.0, 0.0, 0.0, 0.0, 0.0, 0.0, 1.0, 0.20758512616157532, 395.0, 0.0, 0.0, -0.7583345770835876, 0.03306404873728752, 0.47349685430526733, 0.04491280239311379
33431, 0.024433378130197525, -0.019308673217892647, 0.01334325410425663, 0.10446836799383163, -0.027506008744239807, 0.23223170638084412, 131568.734375, 155874.71875, 85829.9296875, 121613.09375, 142517.359375, 103072.71875, 0.0, 0.0, 0.0, 0.0, 0.0, 0.0, 0.0, 0.0, 1.0, 0.2913450002670288, 395.0, 0.0, 0.0, -0.7587056756019592, 0.03923778235912323, 0.4746708869934082, 0.048383870100594875
33452, 0.02703552506864071, -0.0283953994512558, 0.015325924381613731, 0.12135931849479675, -0.0674285888671875, 0.24353639781475067, 131564.5, 155878.515625, 85841.265625, 121614.6328125, 142526.953125, 103077.40625, 0.0, 0.0, 0.0, 0.0, 0.0, 0.0, 0.0, 0.0, 1.0, 0.433742880821228, 516.0, 0.0, 0.0, -0.7586103081703186, 0.04655765742063522, 0.47629162669181824, 0.048999157646519
33471, 0.028786692768335342, -0.035973209887742996, 0.020138386636972427, 0.13576912879943848, -0.0993388295173645, 0.2588479518890381, 131568.359375, 155874.71875, 85845.046875, 121610.2421875, 142524.671875, 103083.6015625, 0.0, 0.0, 0.0, 0.0, 0.0, 0.0, 0.0, 0.0, 1.0, 0.5576777458190918, 516.0, 0.0, 0.0, -0.7584423422813416, 0.05204223096370697, 0.47804489731788635, 0.04917748703808816
33491, 0.031281761825084686, -0.03417765349149704, 0.02787763997912407, 0.15384916961193085, -0.08089619874954224, 0.27963608503341675, 131554.90625, 155876.625, 85849.640625, 121599.9375, 142531.5, 103084.359375, 0.0, 0.0, 0.0, 0.0, 0.0, 0.0, 0.0, 0.0, 1.0, 0.367573082447052, 516.0, 0.0, 0.0, -0.7584414482116699, 0.05968376249074936, 0.48085328936576843, 0.045158728222536935
33512, 0.03174550086259842, -0.03104574605822563, 0.034284040331840515, 0.16010978817939758, -0.05632854625582695, 0.2837368845939636, 131560.015625, 155874.71875, 85843.15625, 121588.3125, 142530.5, 103087.171875, 0.0, 0.0, 0.0, 0.0, 0.0, 0.0, 0.0, 0.0, 1.0, 0.12531214952468872, 468.0, 0.0, 0.0, -0.7582390904426575, 0.06775940209627151, 0.48434531688690186, 0.04677682617103139
33532, 0.03224196285009384, -0.03093506209552288, 0.040611475706100464, 0.1660807579755783, -0.04791249334812164, 0.2842564582824707, 131557.140625, 155878.515625, 85862.0546875, 121594.890625, 142527.4375, 103083.046875, 0.0, 0.0, 0.0, 0.0, 0.0, 0.0, 0.0, 0.0, 1.0, -0.004370407201349735, 468.0, 0.0, 0.0, -0.7579193711280823, 0.07278981059789658, 0.48697346448898315, 0.04419277615177439
33553, 0.03625266253948212, -0.03373308479785919, 0.051384009420871735, 0.18698351085186005, -0.05407528579235077, 0.3006628751754761, 131557.765625, 155876.625, 85855.3125, 121590.5, 142524.171875, 103086.421875, 0.0, 0.0, 0.0, 0.0, 0.0, 0.0, 0.0, 0.0, 1.0, -0.010317862965166569, 468.0, 0.0, 0.0, -0.7574432492256165, 0.08012747764587402, 0.4914412498474121, 0.04296320238452721
33572, 0.043027982115745544, -0.03108334355056286, 0.05689072236418724, 0.2200908064842224, -0.03146403282880783, 0.286589652299881, 131560.625, 155872.8125, 85852.8671875, 121614.6328125, 142530.5, 103088.484375, 0.0, 0.0, 0.0, 0.0, 0.0, 0.0, 0.0, 0.0, 1.0, -0.2712227702140808, 32766.0, 0.0, 0.0, -0.7570381164550781, 0.08701695501804352, 0.49611014127731323, 0.04369354934675621
33593, 0.04973785579204559, -0.03098948486149311, 0.07131277024745941, 0.2464631050825119, -0.022820141166448593, 0.3202361464500427, 131557.765625, 155876.625, 85843.15625, 121620.5546875, 142524.171875, 103083.796875, 0.0, 0.0, 0.0, 0.0, 0.0, 0.0, 0.0, 0.0, 1.0, -0.3470829129219055, 32766.0, 0.0, 0.0, -0.7565706968307495, 0.09201541543006897, 0.4999316930770874, 0.0421656302430898
33612, 0.05628834664821625, -0.028684411197900772, 0.07710035145282745, 0.27011293172836304, -0.0037863540928810835, 0.30070963501930237, 131575.078125, 155876.625, 85838.3046875, 121643.1484375, 142531.5, 103087.9296875, 0.0, 0.0, 0.0, 0.0, 0.0, 0.0, 0.0, 0.0, 1.0, -0.540947437286377, 32766.0, 0.0, 0.0, -0.7553329467773438, 0.09932038187980652, 0.5065624713897705, 0.0424555649912352
33631, 0.06256292015314102, -0.02779974415898323, 0.08896539360284805, 0.28511062264442444, 0.006457315757870674, 0.3116770386695862, 131581.8125, 155878.515625, 85843.96875, 121646.8828125, 142531.5, 103087.9296875, 0.0, 0.0, 0.0, 0.0, 0.0, 0.0, 0.0, 0.0, 1.0, -0.6128482222557068, 32766.0, 0.0, 0.0, -0.7546952962875366, 0.10321802645921707, 0.5111064910888672, 0.0415755143952808
33651, 0.06708595901727676, -0.026120202615857124, 0.09526891261339188, 0.28839540481567383, 0.01954921893775463, 0.2916318476200104, 131580.8125, 155876.625, 85841.0078125, 121652.5859375, 142524.171875, 103089.2421875, 0.0, 0.0, 0.0, 0.0, 0.0, 0.0, 0.0, 0.0, 1.0, -0.725318431854248, 32766.0, 0.0, 0.0, -0.7539969682693481, 0.10748552531003952, 0.5155007243156433, 0.040908658902375425
33671, 0.0711192712187767, -0.0246419720351696, 0.10082276910543442, 0.28546151518821716, 0.029968906193971634, 0.26990756392478943, 131580.1875, 155878.515625, 85840.453125, 121650.390625, 142524.671875, 103087.9296875, 0.0, 0.0, 0.0, 0.0, 0.0, 0.0, 0.0, 0.0, 1.0, -0.7990580797195435, 809.0, 0.0, 0.0, -0.7531521320343018, 0.11070291697978973, 0.5196872353553772, 0.0425063701438434
33691, 0.07543070614337921, -0.023158682510256767, 0.10623311251401901, 0.2809715270996094, 0.03866748511791229, 0.24499745666980743, 131571.84375, 155876.625, 85840.453125, 121641.6171875, 142531.5, 103093.3671875, 0.0, 0.0, 0.0, 0.0, 0.0, 0.0, 0.0, 0.0, 1.0, -0.8730498552322388, 809.0, 0.0, 0.0, -0.7519345879554749, 0.11452610045671463, 0.5257397294044495, 0.039544694032547276
33711, 0.07971552759408951, -0.021978333592414856, 0.11123231798410416, 0.27358075976371765, 0.04384511709213257, 0.22435760498046875, 131568.984375, 155876.625, 85837.2265625, 121630.6484375, 142520.625, 103089.4375, 0.0, 0.0, 0.0, 0.0, 0.0, 0.0, 0.0, 0.0, 1.0, -0.9039915204048157, 809.0, 0.0, 0.0, -0.7510508894920349, 0.11750689893960953, 0.5304208993911743, 0.04149933683251665
33731, 0.08433377742767334, -0.021089550107717514, 0.11463356763124466, 0.26733338832855225, 0.045817889273166656, 0.19379736483097076, 131566.734375, 155876.625, 85840.453125, 121629.9921875, 142535.546875, 103089.2421875, 0.0, 0.0, 0.0, 0.0, 0.0, 0.0, 0.0, 0.0, 1.0, -0.9210081696510315, 807.0, 0.0, 0.0, -0.7498167157173157, 0.12053532153367996, 0.5361512899398804, 0.03921970149166728
33751, 0.0892275720834732, -0.019787047058343887, 0.1183454692363739, 0.26166871190071106, 0.04928821697831154, 0.1714734584093094, 131560.015625, 155874.71875, 85852.609375, 121615.2890625, 142526.953125, 103092.0625, 0.0, 0.0, 0.0, 0.0, 0.0, 0.0, 0.0, 0.0, 1.0, -0.9204543828964233, 807.0, 0.0, 0.0, -0.7485544085502625, 0.12338554859161377, 0.5419090986251831, 0.043354709422155406
33771, 0.09541238844394684, -0.01848679967224598, 0.12011843174695969, 0.26374128460884094, 0.051793172955513, 0.14236420392990112, 131560.015625, 155874.71875, 85848.828125, 121635.03125, 142524.671875, 103090.75, 0.0, 0.0, 0.0, 0.0, 0.0, 0.0, 0.0, 0.0, 1.0, -0.8987515568733215, 807.0, 0.0, 0.0, -0.7477277517318726, 0.12489663809537888, 0.5461388230323792, 0.04369828225764186
33791, 0.10027728229761124, -0.017450567334890366, 0.12283160537481308, 0.25687405467033386, 0.05209866911172867, 0.12335260957479477, 131561.25, 155876.625, 85844.234375, 121632.8359375, 142528.71875, 103100.875, 0.0, 0.0, 0.0, 0.0, 0.0, 0.0, 0.0, 0.0, 1.0, -0.8975350260734558, 795.0, 0.0, 0.0, -0.7463006973266602, 0.1264396756887436, 0.5519554615020752, 0.04470723232234485
33811, 0.10475829988718033, -0.016818474978208542, 0.12287347763776779, 0.24700728058815002, 0.049313317984342575, 0.09519246220588684, 131565.109375, 155876.625, 85844.7890625, 121627.796875, 142517.859375, 103092.6171875, 0.0, 0.0, 0.0, 0.0, 0.0, 0.0, 0.0, 0.0, 1.0, -0.8679462671279907, 795.0, 0.0, 0.0, -0.7457505464553833, 0.1273588240146637, 0.5559377074241638, 0.04349601749579804
33831, 0.10981374233961105, -0.01571575738489628, 0.1246221736073494, 0.24055834114551544, 0.04908336326479912, 0.08362598717212677, 131568.984375, 155872.8125, 85840.453125, 121649.734375, 142524.671875, 103094.125, 0.0, 0.0, 0.0, 0.0, 0.0, 0.0, 0.0, 0.0, 1.0, -0.8622501492500305, 795.0, 0.0, 0.0, -0.744313657283783, 0.12897531688213348, 0.5612961053848267, 0.04381648322988226
33852, 0.11447709053754807, -0.014471561647951603, 0.1256249099969864, 0.2319488674402237, 0.049256451427936554, 0.07177112996578217, 131566.734375, 155872.8125, 85833.4453125, 121654.125, 142522.890625, 103090.75, 0.0, 0.0, 0.0, 0.0, 0.0, 0.0, 0.0, 0.0, 1.0, -0.8424310684204102, 776.0, 0.0, 0.0, -0.7428948879241943, 0.13018932938575745, 0.5663936734199524, 0.044006281621017204
33872, 0.11876102536916733, -0.013210703618824482, 0.12707121670246124, 0.2206156700849533, 0.04895883426070213, 0.06987748295068741, 131576.328125, 155876.625, 85837.484375, 121648.1953125, 142524.671875, 103100.3203125, 0.0, 0.0, 0.0, 0.0, 0.0, 0.0, 0.0, 0.0, 1.0, -0.8220818042755127, 776.0, 0.0, 0.0, -0.7420582175254822, 0.1314462125301361, 0.5696321725845337, 0.04603888694387115
33891, 0.12293345481157303, -0.012412791140377522, 0.12848339974880219, 0.2093256413936615, 0.04596944525837898, 0.06772685796022415, 131563.5, 155876.625, 85835.3359375, 121638.765625, 142526.953125, 103097.6953125, 0.0, 0.0, 0.0, 0.0, 0.0, 0.0, 0.0, 0.0, 1.0, -0.779584527015686, 770.0, 0.0, 0.0, -0.7411478757858276, 0.13171225786209106, 0.5746298432350159, 0.04414396570372803
33912, 0.126928448677063, -0.01116624753922224, 0.12962105870246887, 0.1981091946363449, 0.045573875308036804, 0.06626967340707779, 131559.015625, 155872.8125, 85838.3046875, 121635.6875, 142522.890625, 103096.9453125, 0.0, 0.0, 0.0, 0.0, 0.0, 0.0, 0.0, 0.0, 1.0, -0.7616707682609558, 770.0, 0.0, 0.0, -0.7402397394180298, 0.1326124519109726, 0.5787977576255798, 0.04332850424531968
33932, 0.13087810575962067, -0.01067744567990303, 0.13094402849674225, 0.187951922416687, 0.04096608608961105, 0.06608109921216965, 131557.765625, 155874.71875, 85841.0078125, 121624.0625, 142523.671875, 103096.9453125, 0.0, 0.0, 0.0, 0.0, 0.0, 0.0, 0.0, 0.0, 1.0, -0.7594377994537354, 770.0, 0.0, 0.0, -0.7392204403877258, 0.13383936882019043, 0.5817497372627258, 0.04631255223751632
33952, 0.13492663204669952, -0.009259997867047787, 0.1302102953195572, 0.18001902103424072, 0.04159672185778618, 0.054480165243148804, 131556.140625, 155874.71875, 85836.4140625, 121626.484375, 142524.171875, 103094.875, 0.0, 0.0, 0.0, 0.0, 0.0, 0.0, 0.0, 0.0, 1.0, -0.7628680467605591, 766.0, 0.0, 0.0, -0.7384713888168335, 0.13490009307861328, 0.5857856273651123, 0.044557338923712185
33972, 0.13818733394145966, -0.00862136110663414, 0.13132856786251068, 0.16927653551101685, 0.037845540791749954, 0.05454685539007187, 131545.5625, 155874.71875, 85841.0078125, 121618.3671875, 142528.21875, 103096.9453125, 0.0, 0.0, 0.0, 0.0, 0.0, 0.0, 0.0, 0.0, 1.0, -0.7640223503112793, 766.0, 0.0, 0.0, -0.7378498315811157, 0.13537919521331787, 0.5885213613510132, 0.04455938977012694
33992, 0.14157763123512268, -0.007851541973650455, 0.13122862577438354, 0.16077275574207306, 0.03500699996948242, 0.04850928857922554, 131550.65625, 155870.921875, 85840.7421875, 121622.09375, 142513.796875, 103101.0703125, 0.0, 0.0, 0.0, 0.0, 0.0, 0.0, 0.0, 0.0, 1.0, -0.7789754271507263, 766.0, 0.0, 0.0, -0.7371492981910706, 0.13647860288619995, 0.5921204686164856, 0.0427365311095343
34011, 0.14456920325756073, -0.007173952180892229, 0.13224348425865173, 0.1515531688928604, 0.03158756345510483, 0.05178726464509964, 131551.046875, 155874.71875, 85841.0078125, 121621.2109375, 142516.078125, 103104.4453125, 0.0, 0.0, 0.0, 0.0, 0.0, 0.0, 0.0, 0.0, 1.0, -0.792873203754425, 749.0, 0.0, 0.0, -0.7367603182792664, 0.13749243319034576, 0.5942491292953491, 0.0437390617628445
34032, 0.14749832451343536, -0.0067521813325583935, 0.13238516449928284, 0.14308063685894012, 0.02725849114358425, 0.050247643142938614, 131551.65625, 155872.8125, 85845.859375, 121619.6796875, 142514.296875, 103102.3828125, 0.0, 0.0, 0.0, 0.0, 0.0, 0.0, 0.0, 0.0, 1.0, -0.7949002981185913, 749.0, 0.0, 0.0, -0.7363532185554504, 0.13872474431991577, 0.5975611209869385, 0.0433725321905602
34051, 0.14980076253414154, -0.006025516893714666, 0.1334926337003708, 0.13242380321025848, 0.02470906637609005, 0.05739264562726021, 131552.28125, 155872.8125, 85841.0078125, 121630.6484375, 142512.03125, 103103.140625, 0.0, 0.0, 0.0, 0.0, 0.0, 0.0, 0.0, 0.0, 1.0, -0.780421257019043, 749.0, 0.0, 0.0, -0.7355320453643799, 0.14038042724132538, 0.6006081104278564, 0.04221606780783024
34071, 0.15248358249664307, -0.00555139547213912, 0.13365769386291504, 0.12466872483491898, 0.021694552153348923, 0.05676799267530441, 131556.140625, 155870.921875, 85838.3046875, 121626.9140625, 142516.078125, 103105.0078125, 0.0, 0.0, 0.0, 0.0, 0.0, 0.0, 0.0, 0.0, 1.0, -0.7716739177703857, 744.0, 0.0, 0.0, -0.7351469993591309, 0.14125396311283112, 0.6025667786598206, 0.04301064252268375
34091, 0.15496107935905457, -0.00489454623311758, 0.13486023247241974, 0.11674991250038147, 0.019860006868839264, 0.06433888524770737, 131543.3125, 155869.015625, 85827.7734375, 121631.3046875, 142511.03125, 103110.0859375, 0.0, 0.0, 0.0, 0.0, 0.0, 0.0, 0.0, 0.0, 1.0, -0.7400583028793335, 744.0, 0.0, 0.0, -0.7347918748855591, 0.14296680688858032, 0.6053664684295654, 0.045318709479944354
34111, 0.1584012508392334, -0.004748848266899586, 0.13615666329860687, 0.11438466608524323, 0.016262006014585495, 0.07150891423225403, 131552.28125, 155872.8125, 85827.7734375, 121630.6484375, 142519.625, 103103.890625, 0.0, 0.0, 0.0, 0.0, 0.0, 0.0, 0.0, 0.0, 1.0, -0.7324099540710449, 744.0, 0.0, 0.0, -0.7347434759140015, 0.14431750774383545, 0.6070118546485901, 0.043704097213764385
34131, 0.16009153425693512, -0.004727995954453945, 0.13688747584819794, 0.10431321710348129, 0.01232279371470213, 0.07429823279380798, 131547.171875, 155870.921875, 85844.234375, 121626.2578125, 142502.9375, 103098.25, 0.0, 0.0, 0.0, 0.0, 0.0, 0.0, 0.0, 0.0, 1.0, -0.7343897819519043, 737.0, 0.0, 0.0, -0.7342573404312134, 0.14641234278678894, 0.6094835996627808, 0.04304958180588842
34151, 0.1620989292860031, -0.004460392519831657, 0.13845090568065643, 0.09679890424013138, 0.009952805005013943, 0.08250434696674347, 131549.421875, 155874.71875, 85835.3359375, 121627.796875, 142512.03125, 103101.828125, 0.0, 0.0, 0.0, 0.0, 0.0, 0.0, 0.0, 0.0, 1.0, -0.7185735702514648, 737.0, 0.0, 0.0, -0.734082818031311, 0.1483440101146698, 0.6118098497390747, 0.04328386034606099
34171, 0.16346995532512665, -0.004097688477486372, 0.14047643542289734, 0.08734283596277237, 0.008359989151358604, 0.09141439199447632, 131544.3125, 155870.921875, 85832.6328125, 121618.140625, 142513.796875, 103110.640625, 0.0, 0.0, 0.0, 0.0, 0.0, 0.0, 0.0, 0.0, 1.0, -0.7107272148132324, 733.0, 0.0, 0.0, -0.733514666557312, 0.15040536224842072, 0.6135079860687256, 0.0436274138292226
34191, 0.16501885652542114, -0.003941448405385017, 0.14236198365688324, 0.07984618842601776, 0.006187377963215113, 0.09702063351869583, 131533.96875, 155870.921875, 85836.4140625, 121616.6015625, 142512.03125, 103112.7109375, 0.0, 0.0, 0.0, 0.0, 0.0, 0.0, 0.0, 0.0, 1.0, -0.6956273317337036, 733.0, 0.0, 0.0, -0.7335090637207031, 0.1525394171476364, 0.6151039004325867, 0.04453353667446493
34212, 0.16685397922992706, -0.004469434730708599, 0.14420945942401886, 0.07484878599643707, 0.001335721928626299, 0.10152623802423477, 131545.5625, 155874.71875, 85828.59375, 121611.5625, 142507.484375, 103113.4609375, 0.0, 0.0, 0.0, 0.0, 0.0, 0.0, 0.0, 0.0, 1.0, -0.6842131018638611, 733.0, 0.0, 0.0, -0.7335764169692993, 0.15489475429058075, 0.6162691712379456, 0.045395875893326706
34232, 0.1686207354068756, -0.004477445501834154, 0.14628687500953674, 0.0704752504825592, -0.000578779261559248, 0.10670359432697296, 131537.203125, 155869.015625, 85841.0078125, 121618.796875, 142507.484375, 103111.3984375, 0.0, 0.0, 0.0, 0.0, 0.0, 0.0, 0.0, 0.0, 1.0, -0.6586569547653198, 727.0, 0.0, 0.0, -0.7333736419677734, 0.15766385197639465, 0.6183360815048218, 0.04461443883527179
34251, 0.169584259390831, -0.0045118173584342, 0.14868135750293732, 0.06339985877275467, -0.0021226967219263315, 0.1124739721417427, 131547.171875, 155874.71875, 85834.5234375, 121626.2578125, 142517.859375, 103112.7109375, 0.0, 0.0, 0.0, 0.0, 0.0, 0.0, 0.0, 0.0, 1.0, -0.6220591068267822, 727.0, 0.0, 0.0, -0.7332571744918823, 0.16057758033275604, 0.619841456413269, 0.04372485003712876
34272, 0.1717146784067154, -0.004856780171394348, 0.15095221996307373, 0.06237315386533737, -0.004668953828513622, 0.11556308716535568, 131538.828125, 155870.921875, 85829.9296875, 121625.375, 142512.03125, 103110.8359375, 0.0, 0.0, 0.0, 0.0, 0.0, 0.0, 0.0, 0.0, 1.0, -0.6119369864463806, 727.0, 0.0, 0.0, -0.7332647442817688, 0.16269172728061676, 0.6208779811859131, 0.04556288390964525
34291, 0.17254994809627533, -0.005125612020492554, 0.1532870978116989, 0.05571143329143524, -0.006713960785418749, 0.11763680726289749, 131538.828125, 155870.921875, 85824.0, 121635.9140625, 142513.796875, 103113.4609375, 0.0, 0.0, 0.0, 0.0, 0.0, 0.0, 0.0, 0.0, 1.0, -0.5827446579933167, 723.0, 0.0, 0.0, -0.7331831455230713, 0.16574689745903015, 0.6221551299095154, 0.0461233850841779
34312, 0.17329074442386627, -0.005052139982581139, 0.15641368925571442, 0.04914887994527817, -0.00669033033773303, 0.12530283629894257, 131545.5625, 155872.8125, 85831.5546875, 121620.9921875, 142507.984375, 103105.953125, 0.0, 0.0, 0.0, 0.0, 0.0, 0.0, 0.0, 0.0, 1.0, -0.5508806109428406, 723.0, 0.0, 0.0, -0.7333283424377441, 0.168141171336174, 0.6233465671539307, 0.04692472746945734
34331, 0.17485766112804413, -0.005408463999629021, 0.15892261266708374, 0.046690117567777634, -0.008173205889761448, 0.12640653550624847, 131538.203125, 155872.8125, 85834.5234375, 121626.2578125, 142507.484375, 103113.4609375, 0.0, 0.0, 0.0, 0.0, 0.0, 0.0, 0.0, 0.0, 1.0, -0.541466474533081, 723.0, 0.0, 0.0, -0.7331042885780334, 0.17110784351825714, 0.6243680119514465, 0.04703568006575673
34351, 0.17566119134426117, -0.005532894749194384, 0.16436010599136353, 0.04128506779670715, -0.008347793482244015, 0.1440516859292984, 131541.078125, 155869.015625, 85825.625, 121620.3359375, 142516.078125, 103110.8359375, 0.0, 0.0, 0.0, 0.0, 0.0, 0.0, 0.0, 0.0, 1.0, -0.5062797665596008, 720.0, 0.0, 0.0, -0.733051598072052, 0.17419809103012085, 0.625220537185669, 0.04947587433293148
34371, 0.17654624581336975, -0.005550116300582886, 0.16724500060081482, 0.036448098719120026, -0.007810497656464577, 0.14364954829216003, 131527.625, 155872.8125, 85827.7734375, 121617.484375, 142507.984375, 103110.8359375, 0.0, 0.0, 0.0, 0.0, 0.0, 0.0, 0.0, 0.0, 1.0, -0.46298086643218994, 720.0, 0.0, 0.0, -0.733100414276123, 0.17657960951328278, 0.6261178851127625, 0.049211267138888785
34391, 0.17730721831321716, -0.0058385287411510944, 0.17045921087265015, 0.031631067395210266, -0.008069870062172413, 0.14250747859477997, 131534.96875, 155870.921875, 85816.9921875, 121611.5625, 142505.703125, 103118.34375, 0.0, 0.0, 0.0, 0.0, 0.0, 0.0, 0.0, 0.0, 1.0, -0.43169644474983215, 720.0, 0.0, 0.0, -0.7329173684120178, 0.17958758771419525, 0.6267203688621521, 0.048019389816457446
34411, 0.17799030244350433, -0.00622562738135457, 0.17328326404094696, 0.027112159878015518, -0.008502047508955002, 0.13986904919147491, 131541.6875, 155870.921875, 85821.84375, 121614.6328125, 142513.796875, 103120.4140625, 0.0, 0.0, 0.0, 0.0, 0.0, 0.0, 0.0, 0.0, 1.0, -0.4146476686000824, 718.0, 0.0, 0.0, -0.7330201268196106, 0.18172091245651245, 0.6274893283843994, 0.05033929524946849
34431, 0.17887288331985474, -0.006448229309171438, 0.17641422152519226, 0.024059850722551346, -0.008352245204150677, 0.13788065314292908, 131546.171875, 155870.921875, 85824.8125, 121613.09375, 142512.03125, 103117.03125, 0.0, 0.0, 0.0, 0.0, 0.0, 0.0, 0.0, 0.0, 1.0, -0.398146390914917, 718.0, 0.0, 0.0, -0.7327815890312195, 0.18449059128761292, 0.628154993057251, 0.050575441692650415
34451, 0.17967039346694946, -0.005844295024871826, 0.17916476726531982, 0.02104182168841362, -0.004830922931432724, 0.13670380413532257, 131532.71875, 155869.015625, 85822.109375, 121621.8671875, 142513.796875, 103110.8359375, 0.0, 0.0, 0.0, 0.0, 0.0, 0.0, 0.0, 0.0, 1.0, -0.3549807667732239, 716.0, 0.0, 0.0, -0.7324692010879517, 0.18776175379753113, 0.6288038492202759, 0.0507882583785255
34471, 0.18031111359596252, -0.0049240789376199245, 0.18186645209789276, 0.017895637080073357, -0.0004495633766055107, 0.13216109573841095, 131534.96875, 155869.015625, 85814.546875, 121618.140625, 142503.921875, 103119.65625, 0.0, 0.0, 0.0, 0.0, 0.0, 0.0, 0.0, 0.0, 1.0, -0.2999287247657776, 716.0, 0.0, 0.0, -0.7323977947235107, 0.18945837020874023, 0.6289572715759277, 0.048450193694927264
34491, 0.1805250346660614, -0.0055632987059652805, 0.18701894581317902, 0.013477662578225136, -0.0020011677406728268, 0.14057907462120056, 131534.34375, 155867.125, 85827.7734375, 121622.5234375, 142507.984375, 103119.65625, 0.0, 0.0, 0.0, 0.0, 0.0, 0.0, 0.0, 0.0, 1.0, -0.2957842946052551, 716.0, 0.0, 0.0, -0.7321122884750366, 0.1926136016845703, 0.629230797290802, 0.049966169298395945
34511, 0.17005017399787903, -0.005849950481206179, 0.18979677557945251, -0.03251134604215622, -0.002675127936527133, 0.13514944911003113, 131536.59375, 155869.015625, 85820.21875, 121620.9921875, 142514.296875, 103114.96875, 0.0, 0.0, 0.0, 0.0, 0.0, 0.0, 0.0, 0.0, 1.0, -0.25285622477531433, 711.0, 0.0, 0.0, -0.7320478558540344, 0.1940477043390274, 0.6296049356460571, 0.05395117402748699
34531, 0.16966739296913147, -0.005444748792797327, 0.19156749546527863, -0.03691067546606064, -0.0004197403904981911, 0.12639102339744568, 131534.96875, 155870.921875, 85820.21875, 121618.140625, 142507.484375, 103120.4140625, 0.0, 0.0, 0.0, 0.0, 0.0, 0.0, 0.0, 0.0, 1.0, -0.22935384511947632, 711.0, 0.0, 0.0, -0.7317155599594116, 0.1966972053050995, 0.6296668648719788, 0.054137305438767616
34551, 0.16887423396110535, -0.005445741582661867, 0.1940401792526245, -0.042338643223047256, 0.0003816758980974555, 0.12089791893959045, 131538.828125, 155870.921875, 85816.4375, 121618.140625, 142505.203125, 103114.96875, 0.0, 0.0, 0.0, 0.0, 0.0, 0.0, 0.0, 0.0, 1.0, -0.21352115273475647, 711.0, 0.0, 0.0, -0.7312361598014832, 0.19907191395759583, 0.6298068761825562, 0.05221136098307903
34571, 0.1680210530757904, -0.0052023231983184814, 0.1967005729675293, -0.04726240038871765, 0.001934325904585421, 0.1164645180106163, 131534.96875, 155869.015625, 85821.84375, 121618.140625, 142516.078125, 103120.4140625, 0.0, 0.0, 0.0, 0.0, 0.0, 0.0, 0.0, 0.0, 1.0, -0.1811130940914154, 710.0, 0.0, 0.0, -0.7310413718223572, 0.2005435675382614, 0.6297578811645508, 0.052739827681849386
34591, 0.16744385659694672, -0.0047953431494534016, 0.19899624586105347, -0.05027787387371063, 0.0038855578750371933, 0.11295478790998459, 131534.34375, 155869.015625, 85814.2890625, 121615.2890625, 142507.984375, 103121.7265625, 0.0, 0.0, 0.0, 0.0, 0.0, 0.0, 0.0, 0.0, 1.0, -0.1501019150018692, 710.0, 0.0, 0.0, -0.7307459712028503, 0.20301206409931183, 0.6294679045677185, 0.05251330606641275
34611, 0.16749414801597595, -0.0044730547815561295, 0.19754764437675476, -0.04997805878520012, 0.0054831854067742825, 0.08905684947967529, 131532.71875, 155870.921875, 85822.109375, 121613.75, 142505.703125, 103121.1640625, 0.0, 0.0, 0.0, 0.0, 0.0, 0.0, 0.0, 0.0, 1.0, -0.16824908554553986, 710.0, 0.0, 0.0, -0.7303609848022461, 0.2049696445465088, 0.6293792128562927, 0.05444389930928074
34632, 0.16640807688236237, -0.004509734455496073, 0.1992868036031723, -0.05281492695212364, 0.005240282043814659, 0.0847548320889473, 131534.96875, 155870.921875, 85810.5078125, 121614.40625, 142503.4375, 103126.609375, 0.0, 0.0, 0.0, 0.0, 0.0, 0.0, 0.0, 0.0, 1.0, -0.17042136192321777, 710.0, 0.0, 0.0, -0.7300673723220825, 0.20652218163013458, 0.6292310357093811, 0.05543426760889822
34652, 0.16468124091625214, -0.00418627355247736, 0.20093408226966858, -0.05716057866811752, 0.006107347086071968, 0.08130313456058502, 131527.859375, 155869.015625, 85819.140625, 121609.3671875, 142510.25, 103128.671875, 0.0, 0.0, 0.0, 0.0, 0.0, 0.0, 0.0, 0.0, 1.0, -0.141426682472229, 710.0, 0.0, 0.0, -0.7295464277267456, 0.20840701460838318, 0.6290257573127747, 0.052797859760595325
34671, 0.16473588347434998, -0.004046206828206778, 0.2030029296875, -0.05467929318547249, 0.0063780671916902065, 0.08161895722150803, 131529.859375, 155870.921875, 85818.0703125, 121610.0234375, 142505.703125, 103122.4765625, 0.0, 0.0, 0.0, 0.0, 0.0, 0.0, 0.0, 0.0, 1.0, -0.16351516544818878, 707.0, 0.0, 0.0, -0.7291644215583801, 0.20985886454582214, 0.6290051937103271, 0.051267752512491736
34691, 0.16369257867336273, -0.0026091935578733683, 0.20464417338371277, -0.0559244379401207, 0.01080570463091135, 0.08254051208496094, 131530.484375, 155870.921875, 85822.109375, 121610.0234375, 142509.25, 103122.4765625, 0.0, 0.0, 0.0, 0.0, 0.0, 0.0, 0.0, 0.0, 1.0, -0.17813640832901, 707.0, 0.0, 0.0, -0.7287601828575134, 0.2115669548511505, 0.6287079453468323, 0.05046720535964758
34711, 0.16379481554031372, -0.0022477542515844107, 0.20263729989528656, -0.05275069177150726, 0.011325850151479244, 0.0626208558678627, 131522.765625, 155870.921875, 85813.2109375, 121604.7578125, 142507.984375, 103127.921875, 0.0, 0.0, 0.0, 0.0, 0.0, 0.0, 0.0, 0.0, 1.0, -0.19117943942546844, 707.0, 0.0, 0.0, -0.7285369634628296, 0.2132163941860199, 0.6284604668617249, 0.05265549306825871
34731, 0.16362988948822021, -0.0017258700681850314, 0.20389628410339355, -0.049787115305662155, 0.012265210039913654, 0.06295343488454819, 131526.0, 155869.015625, 85812.3984375, 121615.9453125, 142512.03125, 103126.609375, 0.0, 0.0, 0.0, 0.0, 0.0, 0.0, 0.0, 0.0, 1.0, -0.20614178478717804, 714.0, 0.0, 0.0, -0.7282255291938782, 0.21529385447502136, 0.6282473802566528, 0.05491634946984109
34751, 0.1630403995513916, -0.0012534663546830416, 0.20324458181858063, -0.047848179936409, 0.012743481434881687, 0.054288435727357864, 131520.515625, 155867.125, 85815.3671875, 121608.484375, 142509.25, 103119.1015625, 0.0, 0.0, 0.0, 0.0, 0.0, 0.0, 0.0, 0.0, 1.0, -0.20389151573181152, 714.0, 0.0, 0.0, -0.7275733947753906, 0.21724571287631989, 0.6280903220176697, 0.05680951308426413
34771, 0.16256067156791687, 2.925202716141939e-05, 0.20437823235988617, -0.04533020034432411, 0.015779588371515274, 0.05897115543484688, 131522.140625, 155867.125, 85813.2109375, 121612.21875, 142503.4375, 103125.296875, 0.0, 0.0, 0.0, 0.0, 0.0, 0.0, 0.0, 0.0, 1.0, -0.195591002702713, 714.0, 0.0, 0.0, -0.7271150350570679, 0.21881751716136932, 0.6280558705329895, 0.05645432643991531
34791, 0.16165167093276978, 0.00034536371822468936, 0.20617415010929108, -0.04400176554918289, 0.015709292143583298, 0.06590616703033447, 131524.375, 155865.21875, 85816.4375, 121614.40625, 142505.703125, 103119.1015625, 0.0, 0.0, 0.0, 0.0, 0.0, 0.0, 0.0, 0.0, 1.0, -0.1860567331314087, 711.0, 0.0, 0.0, -0.7266033291816711, 0.22084510326385498, 0.628036379814148, 0.05215578548361912
34811, 0.160843625664711, 0.0003540945763234049, 0.2075420618057251, -0.042325761169195175, 0.014545926824212074, 0.07104267925024033, 131528.859375, 155870.921875, 85801.875, 121610.0234375, 142498.890625, 103121.1640625, 0.0, 0.0, 0.0, 0.0, 0.0, 0.0, 0.0, 0.0, 1.0, -0.18898555636405945, 711.0, 0.0, 0.0, -0.7263287305831909, 0.22272753715515137, 0.6281174421310425, 0.051659374112800444
34831, 0.1608891636133194, 0.0009717775974422693, 0.20904265344142914, -0.038001131266355515, 0.015133081935346127, 0.07783690094947815, 131530.484375, 155867.125, 85810.7734375, 121601.90625, 142501.15625, 103121.9140625, 0.0, 0.0, 0.0, 0.0, 0.0, 0.0, 0.0, 0.0, 1.0, -0.18049056828022003, 711.0, 0.0, 0.0, -0.7257127165794373, 0.22492925822734833, 0.6280827522277832, 0.052207915741756726
34851, 0.162714421749115, 0.002062093699350953, 0.21061907708644867, -0.02812119387090206, 0.017084920778870583, 0.08107936382293701, 131519.890625, 155869.015625, 85799.171875, 121604.09375, 142497.109375, 103120.4140625, 0.0, 0.0, 0.0, 0.0, 0.0, 0.0, 0.0, 0.0, 1.0, -0.17374826967716217, 711.0, 0.0, 0.0, -0.7251899242401123, 0.22764991223812103, 0.6282636523246765, 0.055536744649252325
34871, 0.16214118897914886, 0.002758829388767481, 0.21226152777671814, -0.025727752596139908, 0.017732325941324234, 0.08281803876161575, 131523.765625, 155869.015625, 85807.546875, 121613.09375, 142505.203125, 103120.6015625, 0.0, 0.0, 0.0, 0.0, 0.0, 0.0, 0.0, 0.0, 1.0, -0.17382188141345978, 711.0, 0.0, 0.0, -0.7246392965316772, 0.22962455451488495, 0.6285397410392761, 0.05404731262365717
34891, 0.16310188174247742, 0.004003481939435005, 0.21506187319755554, -0.01906409300863743, 0.019396428018808365, 0.08866243809461594, 131517.65625, 155869.015625, 85802.953125, 121603.4375, 142498.890625, 103121.9140625, 0.0, 0.0, 0.0, 0.0, 0.0, 0.0, 0.0, 0.0, 1.0, -0.17412880063056946, 711.0, 0.0, 0.0, -0.7240416407585144, 0.2322235405445099, 0.6288774609565735, 0.05220901171996642
34911, 0.1638111025094986, 0.00411042058840394, 0.21683655679225922, -0.013813130557537079, 0.017528429627418518, 0.08957960456609726, 131525.0, 155869.015625, 85796.46875, 121609.796875, 142503.4375, 103121.9140625, 0.0, 0.0, 0.0, 0.0, 0.0, 0.0, 0.0, 0.0, 1.0, -0.1625673919916153, 711.0, 0.0, 0.0, -0.723713755607605, 0.23392155766487122, 0.6291940808296204, 0.05217374746508114
34931, 0.1647789180278778, 0.0051533542573452, 0.21999575197696686, -0.008364634588360786, 0.018635760992765427, 0.09754729270935059, 131513.796875, 155865.21875, 85804.0234375, 121604.09375, 142503.921875, 103123.2265625, 0.0, 0.0, 0.0, 0.0, 0.0, 0.0, 0.0, 0.0, 1.0, -0.16264677047729492, 711.0, 0.0, 0.0, -0.7230299711227417, 0.23683492839336395, 0.6298145055770874, 0.053300351790713886
34951, 0.16504091024398804, 0.005762321408838034, 0.22192154824733734, -0.005730034317821264, 0.018410172313451767, 0.09510913491249084, 131517.65625, 155869.015625, 85796.2109375, 121615.0625, 142498.890625, 103125.296875, 0.0, 0.0, 0.0, 0.0, 0.0, 0.0, 0.0, 0.0, 1.0, -0.1922919601202011, 711.0, 0.0, 0.0, -0.7227426171302795, 0.23856517672538757, 0.6303170919418335, 0.05195143931108851
34971, 0.16513775289058685, 0.0064487881027162075, 0.22473584115505219, -0.004092914517968893, 0.018133897334337234, 0.09823574870824814, 131516.65625, 155869.015625, 85797.28125, 121603.4375, 142499.875, 103122.671875, 0.0, 0.0, 0.0, 0.0, 0.0, 0.0, 0.0, 0.0, 1.0, -0.1762206107378006, 709.0, 0.0, 0.0, -0.7223761081695557, 0.2410193234682083, 0.6304994225502014, 0.052174045005032824
34991, 0.1653619408607483, 0.006655122619122267, 0.22667323052883148, -0.0027855054941028357, 0.016533570364117622, 0.09613963961601257, 131519.890625, 155867.125, 85796.46875, 121609.140625, 142497.109375, 103126.796875, 0.0, 0.0, 0.0, 0.0, 0.0, 0.0, 0.0, 0.0, 1.0, -0.1851988285779953, 709.0, 0.0, 0.0, -0.7218553423881531, 0.243968203663826, 0.631259024143219, 0.05155980143975053
35012, 0.16710132360458374, 0.0070878444239497185, 0.23073218762874603, 0.002376146148890257, 0.01534849964082241, 0.10855686664581299, 131519.890625, 155867.125, 85797.0234375, 121610.0234375, 142502.9375, 103131.4921875, 0.0, 0.0, 0.0, 0.0, 0.0, 0.0, 0.0, 0.0, 1.0, -0.18315623700618744, 709.0, 0.0, 0.0, -0.7215997576713562, 0.2457292526960373, 0.6316233277320862, 0.051507074651751236
35031, 0.16865520179271698, 0.007295267656445503, 0.2328716218471527, 0.00630047544836998, 0.013959469273686409, 0.10580487549304962, 131525.0, 155867.125, 85791.6171875, 121610.6796875, 142505.703125, 103126.046875, 0.0, 0.0, 0.0, 0.0, 0.0, 0.0, 0.0, 0.0, 1.0, -0.21390487253665924, 708.0, 0.0, 0.0, -0.7210804224014282, 0.24797891080379486, 0.6321774125099182, 0.05400956840541449
35052, 0.1690443456172943, 0.007684135809540749, 0.23537902534008026, 0.006462038494646549, 0.013164558447897434, 0.1055840477347374, 131522.765625, 155870.921875, 85802.953125, 121610.6796875, 142499.875, 103130.734375, 0.0, 0.0, 0.0, 0.0, 0.0, 0.0, 0.0, 0.0, 1.0, -0.22355245053768158, 708.0, 0.0, 0.0, -0.7206186056137085, 0.2502186894416809, 0.6324796676635742, 0.05098599674244891
35071, 0.16996967792510986, 0.008344318717718124, 0.23746536672115326, 0.007621093187481165, 0.013065372593700886, 0.10306069999933243, 131522.765625, 155867.125, 85790.5390625, 121603.4375, 142500.65625, 103125.484375, 0.0, 0.0, 0.0, 0.0, 0.0, 0.0, 0.0, 0.0, 1.0, -0.25700753927230835, 705.0, 0.0, 0.0, -0.7201716303825378, 0.2522207498550415, 0.6331435441970825, 0.04710082215346566
35092, 0.17022205889225006, 0.008487225510179996, 0.23951523005962372, 0.006417606491595507, 0.01148107461631298, 0.10172564536333084, 131514.40625, 155869.015625, 85796.2109375, 121610.0234375, 142499.375, 103126.796875, 0.0, 0.0, 0.0, 0.0, 0.0, 0.0, 0.0, 0.0, 1.0, -0.269089937210083, 705.0, 0.0, 0.0, -0.7197635769844055, 0.25462406873703003, 0.6337521076202393, 0.04830175669618825
35112, 0.1715547889471054, 0.009134155698120594, 0.2417195737361908, 0.007868192158639431, 0.011442432180047035, 0.09834598004817963, 131517.03125, 155865.21875, 85796.2109375, 121604.09375, 142491.78125, 103126.046875, 0.0, 0.0, 0.0, 0.0, 0.0, 0.0, 0.0, 0.0, 1.0, -0.27087390422821045, 705.0, 0.0, 0.0, -0.7196050882339478, 0.25639399886131287, 0.633865237236023, 0.05030988719392371
35131, 0.17226989567279816, 0.009143746457993984, 0.24362662434577942, 0.007355674169957638, 0.009475655853748322, 0.09324412792921066, 131513.171875, 155869.015625, 85789.7265625, 121606.2890625, 142501.65625, 103130.9296875, 0.0, 0.0, 0.0, 0.0, 0.0, 0.0, 0.0, 0.0, 1.0, -0.2589860260486603, 700.0, 0.0, 0.0, -0.7192685008049011, 0.25828275084495544, 0.6339753270149231, 0.04831046309264982
35151, 0.17238439619541168, 0.009315366856753826, 0.24692346155643463, 0.005026333965361118, 0.008098965510725975, 0.09661853313446045, 131513.796875, 155865.21875, 85786.765625, 121609.140625, 142502.9375, 103134.3046875, 0.0, 0.0, 0.0, 0.0, 0.0, 0.0, 0.0, 0.0, 1.0, -0.25591474771499634, 700.0, 0.0, 0.0, -0.7187725305557251, 0.2601875066757202, 0.6344691514968872, 0.05095727480907952
35172, 0.17340025305747986, 0.009454318322241306, 0.24883215129375458, 0.005042713135480881, 0.007018360774964094, 0.09389674663543701, 131522.765625, 155867.125, 85785.9453125, 121610.6796875, 142498.890625, 103139.75, 0.0, 0.0, 0.0, 0.0, 0.0, 0.0, 0.0, 0.0, 1.0, -0.24462784826755524, 700.0, 0.0, 0.0, -0.7185620665550232, 0.26128941774368286, 0.6348083019256592, 0.05100415229588426
35191, 0.17344842851161957, 0.009602625854313374, 0.2499951869249344, 0.002329424023628235, 0.0061653852462768555, 0.08769728243350983, 131521.515625, 155869.015625, 85783.796875, 121610.6796875, 142498.890625, 103132.9921875, 0.0, 0.0, 0.0, 0.0, 0.0, 0.0, 0.0, 0.0, 1.0, -0.24011680483818054, 699.0, 0.0, 0.0, -0.7181537747383118, 0.26326239109039307, 0.6352512836456299, 0.049052122220296125
35211, 0.1736098974943161, 0.009710798040032387, 0.25170066952705383, -0.00023661348677705973, 0.005305964965373278, 0.08278036117553711, 131517.03125, 155867.125, 85784.875, 121601.90625, 142497.109375, 103132.2421875, 0.0, 0.0, 0.0, 0.0, 0.0, 0.0, 0.0, 0.0, 1.0, -0.2523307204246521, 699.0, 0.0, 0.0, -0.7179519534111023, 0.26458486914634705, 0.6354675889015198, 0.047930725159016016
35231, 0.1732805222272873, 0.010421756654977798, 0.25241920351982117, -0.004190280567854643, 0.005932711064815521, 0.07500458508729935, 131517.03125, 155865.21875, 85777.3203125, 121601.0234375, 142501.65625, 103130.1796875, 0.0, 0.0, 0.0, 0.0, 0.0, 0.0, 0.0, 0.0, 1.0, -0.2499322146177292, 699.0, 0.0, 0.0, -0.7176216840744019, 0.26625144481658936, 0.635398268699646, 0.04939655353758116
35251, 0.1724313646554947, 0.010462739504873753, 0.2538493573665619, -0.009284242987632751, 0.004943190608173609, 0.06825359165668488, 131513.796875, 155867.125, 85782.984375, 121601.90625, 142505.703125, 103134.3046875, 0.0, 0.0, 0.0, 0.0, 0.0, 0.0, 0.0, 0.0, 1.0, -0.26244959235191345, 697.0, 0.0, 0.0, -0.71741783618927, 0.2678164839744568, 0.6353352069854736, 0.04943017776233634
35271, 0.1730726808309555, 0.010421671904623508, 0.25517842173576355, -0.010241136886179447, 0.0038174609653651714, 0.06439870595932007, 131517.65625, 155865.21875, 85781.09375, 121604.09375, 142499.875, 103133.5546875, 0.0, 0.0, 0.0, 0.0, 0.0, 0.0, 0.0, 0.0, 1.0, -0.27350521087646484, 697.0, 0.0, 0.0, -0.7171982526779175, 0.26872801780700684, 0.6353605389595032, 0.04826402454330329
35291, 0.1735740453004837, 0.010553072206676006, 0.25676438212394714, -0.011585435830056667, 0.0032453094609081745, 0.06162557378411293, 131518.28125, 155863.3125, 85788.6484375, 121604.09375, 142502.9375, 103131.6875, 0.0, 0.0, 0.0, 0.0, 0.0, 0.0, 0.0, 0.0, 1.0, -0.2765378952026367, 697.0, 0.0, 0.0, -0.7167875170707703, 0.2705073952674866, 0.6351746916770935, 0.05058244624730162
35311, 0.17303498089313507, 0.010823153890669346, 0.2579718828201294, -0.015437986701726913, 0.003192341420799494, 0.06050698459148407, 131510.3125, 155869.015625, 85781.09375, 121600.3671875, 142499.375, 103136.375, 0.0, 0.0, 0.0, 0.0, 0.0, 0.0, 0.0, 0.0, 1.0, -0.27796345949172974, 700.0, 0.0, 0.0, -0.7164556384086609, 0.27169978618621826, 0.6350997686386108, 0.05053509993483031
35331, 0.17268219590187073, 0.010878032073378563, 0.26017504930496216, -0.018534045666456223, 0.00267172628082335, 0.06457869708538055, 131520.515625, 155869.015625, 85785.6875, 121596.6328125, 142497.109375, 103132.2421875, 0.0, 0.0, 0.0, 0.0, 0.0, 0.0, 0.0, 0.0, 1.0, -0.2852138876914978, 700.0, 0.0, 0.0, -0.7161481380462646, 0.2728036940097809, 0.6349571347236633, 0.05132664373499065
35351, 0.17291170358657837, 0.01128481887280941, 0.26146578788757324, -0.019866537302732468, 0.0030842586420476437, 0.06473293900489807, 131518.28125, 155867.125, 85781.09375, 121604.09375, 142499.375, 103129.6171875, 0.0, 0.0, 0.0, 0.0, 0.0, 0.0, 0.0, 0.0, 1.0, -0.28912460803985596, 700.0, 0.0, 0.0, -0.7160958051681519, 0.27381592988967896, 0.6345259547233582, 0.049811778285533
35372, 0.17163166403770447, 0.011908027343451977, 0.26274827122688293, -0.024634718894958496, 0.0037038165610283613, 0.060957975685596466, 131512.171875, 155867.125, 85781.90625, 121601.0234375, 142498.890625, 103136.375, 0.0, 0.0, 0.0, 0.0, 0.0, 0.0, 0.0, 0.0, 1.0, -0.2923004627227783, 700.0, 0.0, 0.0, -0.715558648109436, 0.27552318572998047, 0.6341293454170227, 0.050345570883093854
35391, 0.1706594079732895, 0.012718640267848969, 0.26394960284233093, -0.028139716014266014, 0.004774493630975485, 0.05935104563832283, 131504.453125, 155867.125, 85775.1640625, 121599.7109375, 142495.328125, 103130.9296875, 0.0, 0.0, 0.0, 0.0, 0.0, 0.0, 0.0, 0.0, 1.0, -0.2904013395309448, 700.0, 0.0, 0.0, -0.7153425216674805, 0.2769474983215332, 0.6335627436637878, 0.05135400355043348
35413, 0.17035044729709625, 0.013378618285059929, 0.2658746540546417, -0.02952643297612667, 0.0056075528264045715, 0.06190399453043938, 131519.890625, 155867.125, 85780.0234375, 121601.6796875, 142502.15625, 103138.4375, 0.0, 0.0, 0.0, 0.0, 0.0, 0.0, 0.0, 0.0, 1.0, -0.3055364489555359, 702.0, 0.0, 0.0, -0.7149664163589478, 0.2784722149372101, 0.6331979632377625, 0.0534445066251905
35431, 0.16974414885044098, 0.013485479168593884, 0.2670888602733612, -0.031051956117153168, 0.005063211545348167, 0.05993896722793579, 131509.9375, 155867.125, 85773.5390625, 121598.171875, 142495.328125, 103133.75, 0.0, 0.0, 0.0, 0.0, 0.0, 0.0, 0.0, 0.0, 1.0, -0.2968895137310028, 702.0, 0.0, 0.0, -0.7148007750511169, 0.27948471903800964, 0.6328756809234619, 0.05458392827098539
35451, 0.16823019087314606, 0.01350056380033493, 0.26828649640083313, -0.03440220654010773, 0.0042123943567276, 0.060066308826208115, 131509.3125, 155865.21875, 85778.390625, 121610.6796875, 142501.15625, 103131.6875, 0.0, 0.0, 0.0, 0.0, 0.0, 0.0, 0.0, 0.0, 1.0, -0.2944299280643463, 702.0, 0.0, 0.0, -0.7145888209342957, 0.28046053647994995, 0.6325196027755737, 0.05194087931250986
35472, 0.1654803603887558, 0.013538341037929058, 0.2702207565307617, -0.04042443633079529, 0.0033896223176270723, 0.06359980255365372, 131508.3125, 155867.125, 85774.3515625, 121602.5625, 142501.65625, 103137.125, 0.0, 0.0, 0.0, 0.0, 0.0, 0.0, 0.0, 0.0, 1.0, -0.2764822244644165, 703.0, 0.0, 0.0, -0.7141762375831604, 0.2820242643356323, 0.6319279074668884, 0.04957811673410208
35491, 0.164488285779953, 0.014146016910672188, 0.2714903652667999, -0.04178587347269058, 0.0040894546546041965, 0.06363987177610397, 131508.3125, 155867.125, 85777.875, 121600.3671875, 142492.5625, 103141.2578125, 0.0, 0.0, 0.0, 0.0, 0.0, 0.0, 0.0, 0.0, 1.0, -0.2734450399875641, 703.0, 0.0, 0.0, -0.7139529585838318, 0.283394455909729, 0.6314449310302734, 0.05029861221770541
35511, 0.16363905370235443, 0.014220453798770905, 0.2731284499168396, -0.04258239269256592, 0.003519451944157481, 0.0645110234618187, 131509.9375, 155865.21875, 85772.4609375, 121601.90625, 142492.5625, 103140.5078125, 0.0, 0.0, 0.0, 0.0, 0.0, 0.0, 0.0, 0.0, 1.0, -0.27821362018585205, 703.0, 0.0, 0.0, -0.7135947942733765, 0.2843659222126007, 0.6309231519699097, 0.05029948553119497
35531, 0.16209472715854645, 0.014248323626816273, 0.2744128108024597, -0.044733211398124695, 0.003056546440348029, 0.0643036961555481, 131512.171875, 155865.21875, 85767.875, 121604.09375, 142499.375, 103137.125, 0.0, 0.0, 0.0, 0.0, 0.0, 0.0, 0.0, 0.0, 1.0, -0.2569229006767273, 700.0, 0.0, 0.0, -0.713235080242157, 0.28564831614494324, 0.6304354667663574, 0.047094979556493395
35551, 0.16179969906806946, 0.014979377388954163, 0.2760804295539856, -0.04366873949766159, 0.004251521546393633, 0.06587690114974976, 131513.171875, 155863.3125, 85771.6484375, 121601.0234375, 142497.609375, 103138.4375, 0.0, 0.0, 0.0, 0.0, 0.0, 0.0, 0.0, 0.0, 1.0, -0.26217296719551086, 700.0, 0.0, 0.0, -0.7129668593406677, 0.28678736090660095, 0.629944384098053, 0.047531047019684566
35571, 0.16091616451740265, 0.014853114262223244, 0.27738112211227417, -0.043718431144952774, 0.003287911880761385, 0.0638708621263504, 131509.9375, 155865.21875, 85769.7578125, 121604.7578125, 142501.65625, 103137.125, 0.0, 0.0, 0.0, 0.0, 0.0, 0.0, 0.0, 0.0, 1.0, -0.2795550525188446, 700.0, 0.0, 0.0, -0.7127766609191895, 0.2879226505756378, 0.629179060459137, 0.047965341188045796
35591, 0.16124702990055084, 0.015209319069981575, 0.27784264087677, -0.040632203221321106, 0.003395647509023547, 0.05785146355628967, 131506.0625, 155865.21875, 85764.90625, 121599.7109375, 142499.375, 103141.2578125, 0.0, 0.0, 0.0, 0.0, 0.0, 0.0, 0.0, 0.0, 1.0, -0.26203346252441406, 708.0, 0.0, 0.0, -0.7123504281044006, 0.28925374150276184, 0.6287991404533386, 0.05130389125070525
35611, 0.1602635681629181, 0.015121339820325375, 0.278978556394577, -0.04036971926689148, 0.00230740406550467, 0.05521896481513977, 131509.9375, 155865.21875, 85764.09375, 121597.296875, 142491.78125, 103137.125, 0.0, 0.0, 0.0, 0.0, 0.0, 0.0, 0.0, 0.0, 1.0, -0.26475989818573, 708.0, 0.0, 0.0, -0.7121931910514832, 0.2902105152606964, 0.6284341216087341, 0.04981742840831014
35631, 0.1591978669166565, 0.016039671376347542, 0.28007784485816956, -0.040162377059459686, 0.0035780551843345165, 0.05429280921816826, 131509.3125, 155865.21875, 85767.875, 121601.6796875, 142499.375, 103140.5078125, 0.0, 0.0, 0.0, 0.0, 0.0, 0.0, 0.0, 0.0, 1.0, -0.2625347673892975, 708.0, 0.0, 0.0, -0.7118837237358093, 0.29126930236816406, 0.6276623606681824, 0.04645125110091644
35651, 0.15759655833244324, 0.01598672941327095, 0.280220627784729, -0.04109986498951912, 0.002609893213957548, 0.04670104384422302, 131512.796875, 155863.3125, 85764.90625, 121604.09375, 142493.0625, 103135.8125, 0.0, 0.0, 0.0, 0.0, 0.0, 0.0, 0.0, 0.0, 1.0, -0.2605694830417633, 708.0, 0.0, 0.0, -0.711391031742096, 0.292734831571579, 0.6274303197860718, 0.047975016789909106
35671, 0.15735480189323425, 0.016637559980154037, 0.281139612197876, -0.03885840252041817, 0.0031241029500961304, 0.04530589282512665, 131516.03125, 155867.125, 85772.4609375, 121596.6328125, 142497.609375, 103135.0625, 0.0, 0.0, 0.0, 0.0, 0.0, 0.0, 0.0, 0.0, 1.0, -0.2778302729129791, 708.0, 0.0, 0.0, -0.7111713886260986, 0.29364845156669617, 0.6271297335624695, 0.04747351059520381
35691, 0.15742868185043335, 0.017688486725091934, 0.28220808506011963, -0.03601865470409393, 0.004457251634448767, 0.04479728639125824, 131508.9375, 155865.21875, 85756.5390625, 121597.296875, 142490.78125, 103148.765625, 0.0, 0.0, 0.0, 0.0, 0.0, 0.0, 0.0, 0.0, 1.0, -0.28133806586265564, 707.0, 0.0, 0.0, -0.710822343826294, 0.2949117422103882, 0.6266771554946899, 0.046132911429806175
35711, 0.15534630417823792, 0.01766139641404152, 0.28312066197395325, -0.03814992308616638, 0.0034169366117566824, 0.04648348689079285, 131507.6875, 155865.21875, 85757.3515625, 121600.3671875, 142495.328125, 103135.0625, 0.0, 0.0, 0.0, 0.0, 0.0, 0.0, 0.0, 0.0, 1.0, -0.29049763083457947, 707.0, 0.0, 0.0, -0.710654616355896, 0.2958616018295288, 0.6265541911125183, 0.04782429362810527
35731, 0.1543406844139099, 0.017836200073361397, 0.28463658690452576, -0.03779051452875137, 0.0030678422190248966, 0.05158751457929611, 131501.578125, 155865.21875, 85748.7265625, 121595.9765625, 142499.375, 103137.8828125, 0.0, 0.0, 0.0, 0.0, 0.0, 0.0, 0.0, 0.0, 1.0, -0.27804726362228394, 707.0, 0.0, 0.0, -0.7103173732757568, 0.2974151372909546, 0.626106858253479, 0.048290827728037194
35751, 0.1530277580022812, 0.01812826469540596, 0.2857535779476166, -0.03780122473835945, 0.0032729459926486015, 0.054761577397584915, 131510.546875, 155863.3125, 85755.4609375, 121602.5625, 142499.875, 103144.6328125, 0.0, 0.0, 0.0, 0.0, 0.0, 0.0, 0.0, 0.0, 1.0, -0.26544737815856934, 713.0, 0.0, 0.0, -0.7102717161178589, 0.29841315746307373, 0.6256721615791321, 0.05032804255372394
35771, 0.1523001492023468, 0.018202196806669235, 0.2847433090209961, -0.03639216721057892, 0.00307261198759079, 0.043553054332733154, 131511.546875, 155863.3125, 85751.4296875, 121600.3671875, 142499.875, 103141.2578125, 0.0, 0.0, 0.0, 0.0, 0.0, 0.0, 0.0, 0.0, 1.0, -0.24898524582386017, 713.0, 0.0, 0.0, -0.7099701166152954, 0.29978707432746887, 0.6253684759140015, 0.04963221374438529
35791, 0.15324971079826355, 0.018198806792497635, 0.2856087386608124, -0.031181249767541885, 0.002577767474576831, 0.04284961521625519, 131515.03125, 155865.21875, 85752.7578125, 121594.4453125, 142501.65625, 103140.5078125, 0.0, 0.0, 0.0, 0.0, 0.0, 0.0, 0.0, 0.0, 1.0, -0.22184954583644867, 713.0, 0.0, 0.0, -0.7095275521278381, 0.3010336756706238, 0.6251206398010254, 0.050775226231411334
35811, 0.15263716876506805, 0.018240325152873993, 0.2878872752189636, -0.029395075514912605, 0.0022346382029354572, 0.053255192935466766, 131504.453125, 155863.3125, 85763.015625, 121597.515625, 142495.828125, 103145.390625, 0.0, 0.0, 0.0, 0.0, 0.0, 0.0, 0.0, 0.0, 1.0, -0.2022068351507187, 710.0, 0.0, 0.0, -0.7092344164848328, 0.30231189727783203, 0.6250614523887634, 0.051458113292794115
35831, 0.15152420103549957, 0.018953798338770866, 0.2889585793018341, -0.02865951880812645, 0.0034500183537602425, 0.0535716637969017, 131505.453125, 155865.21875, 85758.1640625, 121594.4453125, 142495.828125, 103139.9453125, 0.0, 0.0, 0.0, 0.0, 0.0, 0.0, 0.0, 0.0, 1.0, -0.19900450110435486, 710.0, 0.0, 0.0, -0.7089383006095886, 0.3037174642086029, 0.6249613761901855, 0.05170209412814624
35851, 0.15097108483314514, 0.019019268453121185, 0.2900450527667999, -0.026644140481948853, 0.0030861510895192623, 0.05543208494782448, 131501.578125, 155865.21875, 85753.3125, 121590.0546875, 142497.609375, 103146.890625, 0.0, 0.0, 0.0, 0.0, 0.0, 0.0, 0.0, 0.0, 1.0, -0.18850786983966827, 711.0, 0.0, 0.0, -0.7084866762161255, 0.30497869849205017, 0.6249444484710693, 0.05076327791865951
35871, 0.1504557728767395, 0.019070852547883987, 0.29242250323295593, -0.024630343541502953, 0.002611846663057804, 0.06221700459718704, 131511.546875, 155863.3125, 85750.875, 121592.25, 142500.375, 103141.2578125, 0.0, 0.0, 0.0, 0.0, 0.0, 0.0, 0.0, 0.0, 1.0, -0.19550663232803345, 711.0, 0.0, 0.0, -0.7081508040428162, 0.3058731257915497, 0.6250627636909485, 0.04903060471573583
35892, 0.14998185634613037, 0.019118428230285645, 0.2936665713787079, -0.022796450182795525, 0.002147251507267356, 0.06273233145475388, 131508.3125, 155863.3125, 85744.1328125, 121594.4453125, 142499.875, 103147.453125, 0.0, 0.0, 0.0, 0.0, 0.0, 0.0, 0.0, 0.0, 1.0, -0.2070254236459732, 711.0, 0.0, 0.0, -0.7081514596939087, 0.3069814145565033, 0.6249189376831055, 0.05022772571161057
35911, 0.1493605375289917, 0.020776428282260895, 0.2935160994529724, -0.021621856838464737, 0.005135220475494862, 0.05529184639453888, 131514.40625, 155863.3125, 85744.1328125, 121599.7109375, 142502.15625, 103140.5078125, 0.0, 0.0, 0.0, 0.0, 0.0, 0.0, 0.0, 0.0, 1.0, -0.22702853381633759, 710.0, 0.0, 0.0, -0.7075958251953125, 0.3084735870361328, 0.624830961227417, 0.04964623311373703
35931, 0.14894075691699982, 0.020873023197054863, 0.2946063280105591, -0.020428519695997238, 0.004494647961109877, 0.0541951023042202, 131506.0625, 155867.125, 85748.7265625, 121602.5625, 142493.5625, 103139.9453125, 0.0, 0.0, 0.0, 0.0, 0.0, 0.0, 0.0, 0.0, 1.0, -0.2653365731239319, 710.0, 0.0, 0.0, -0.7070806622505188, 0.30983778834342957, 0.6250927448272705, 0.04881845997304996
35951, 0.1485421061515808, 0.020947488024830818, 0.2972397208213806, -0.019537843763828278, 0.003719229716807604, 0.05998437479138374, 131508.9375, 155865.21875, 85747.09375, 121598.171875, 142499.875, 103145.390625, 0.0, 0.0, 0.0, 0.0, 0.0, 0.0, 0.0, 0.0, 1.0, -0.2724294066429138, 710.0, 0.0, 0.0, -0.706717848777771, 0.31179532408714294, 0.6253280639648438, 0.04912923377103946
35971, 0.15223513543605804, 0.023263180628418922, 0.29841116070747375, -0.010421469807624817, 0.007595160510390997, 0.057451047003269196, 131513.421875, 155863.3125, 85741.4296875, 121596.6328125, 142497.609375, 103146.140625, 0.0, 0.0, 0.0, 0.0, 0.0, 0.0, 0.0, 0.0, 1.0, -0.2815224230289459, 711.0, 0.0, 0.0, -0.7065176367759705, 0.3127174973487854, 0.6254763007164001, 0.04815223695515503
35991, 0.15379145741462708, 0.02334173023700714, 0.30035585165023804, -0.006176875904202461, 0.006677199155092239, 0.0612090565264225, 131508.3125, 155863.3125, 85742.2421875, 121593.7890625, 142493.5625, 103145.390625, 0.0, 0.0, 0.0, 0.0, 0.0, 0.0, 0.0, 0.0, 1.0, -0.298991322517395, 711.0, 0.0, 0.0, -0.706109881401062, 0.3140828311443329, 0.6257522702217102, 0.04761726743634788
36011, 0.1536726951599121, 0.023468120023608208, 0.30155515670776367, -0.005728365853428841, 0.0059454855509102345, 0.05855964124202728, 131506.6875, 155865.21875, 85751.9453125, 121591.59375, 142499.375, 103147.453125, 0.0, 0.0, 0.0, 0.0, 0.0, 0.0, 0.0, 0.0, 1.0, -0.2922714352607727, 711.0, 0.0, 0.0, -0.7059498429298401, 0.31490129232406616, 0.6258152723312378, 0.04827669529024855
36031, 0.15417532622814178, 0.02335936203598976, 0.3027116656303406, -0.004240250214934349, 0.004712928086519241, 0.0563298836350441, 131508.3125, 155863.3125, 85744.1328125, 121596.6328125, 142498.609375, 103152.3359375, 0.0, 0.0, 0.0, 0.0, 0.0, 0.0, 0.0, 0.0, 1.0, -0.28737834095954895, 708.0, 0.0, 0.0, -0.7057382464408875, 0.31633415818214417, 0.6262357831001282, 0.0481868504539992
36051, 0.15648502111434937, 0.023513590916991234, 0.30392441153526306, 0.0005433631595224142, 0.004098439589142799, 0.053118519484996796, 131507.6875, 155865.21875, 85747.90625, 121598.171875, 142499.875, 103139.9453125, 0.0, 0.0, 0.0, 0.0, 0.0, 0.0, 0.0, 0.0, 1.0, -0.2781975567340851, 708.0, 0.0, 0.0, -0.7055585980415344, 0.316882461309433, 0.6261894702911377, 0.04887472586501926
36071, 0.15560485422611237, 0.023932555690407753, 0.30498266220092773, -0.0016381524037569761, 0.0041661872528493404, 0.052275050431489944, 131515.03125, 155863.3125, 85747.09375, 121603.21875, 142503.921875, 103140.6953125, 0.0, 0.0, 0.0, 0.0, 0.0, 0.0, 0.0, 0.0, 1.0, -0.25381627678871155, 708.0, 0.0, 0.0, -0.7051710486412048, 0.31801557540893555, 0.6263537406921387, 0.04755348200603956
36091, 0.1564892679452896, 0.023932145908474922, 0.30576393008232117, -0.0004269374185241759, 0.00346138933673501, 0.04576462507247925, 131518.890625, 155865.21875, 85736.3203125, 121596.6328125, 142499.875, 103142.0078125, 0.0, 0.0, 0.0, 0.0, 0.0, 0.0, 0.0, 0.0, 1.0, -0.2421949952840805, 707.0, 0.0, 0.0, -0.7047988176345825, 0.3192974030971527, 0.6266595721244812, 0.049008201626772746
36111, 0.15647217631340027, 0.023995544761419296, 0.30666670203208923, -0.0013265615561977029, 0.002877545543015003, 0.04491647705435753, 131507.3125, 155863.3125, 85737.390625, 121596.6328125, 142508.46875, 103153.09375, 0.0, 0.0, 0.0, 0.0, 0.0, 0.0, 0.0, 0.0, 1.0, -0.23426754772663116, 707.0, 0.0, 0.0, -0.7046612501144409, 0.320157527923584, 0.6266955733299255, 0.05028967322268871
36131, 0.15722203254699707, 0.023892665281891823, 0.3083418905735016, -0.0009451241930946708, 0.0018724180990830064, 0.04561568796634674, 131504.453125, 155861.421875, 85734.6875, 121598.828125, 142500.375, 103146.140625, 0.0, 0.0, 0.0, 0.0, 0.0, 0.0, 0.0, 0.0, 1.0, -0.22757945954799652, 707.0, 0.0, 0.0, -0.7043085098266602, 0.3210940361022949, 0.626732587814331, 0.05025689777844738
36151, 0.15719038248062134, 0.02392331324517727, 0.3092317283153534, -0.0022372459061443806, 0.0011854773620143533, 0.044197216629981995, 131508.3125, 155865.21875, 85726.875, 121592.25, 142498.609375, 103146.890625, 0.0, 0.0, 0.0, 0.0, 0.0, 0.0, 0.0, 0.0, 1.0, -0.2087850421667099, 706.0, 0.0, 0.0, -0.7041367292404175, 0.32179391384124756, 0.6268256902694702, 0.0497446150227314
36173, 0.15927138924598694, 0.024757765233516693, 0.30886924266815186, 0.000644975109025836, 0.0020853793248534203, 0.03691750392317772, 131511.171875, 155863.3125, 85736.3203125, 121592.90625, 142499.875, 103151.5859375, 0.0, 0.0, 0.0, 0.0, 0.0, 0.0, 0.0, 0.0, 1.0, -0.189857617020607, 706.0, 0.0, 0.0, -0.7037783265113831, 0.32273876667022705, 0.6269559860229492, 0.050085912174502305
36191, 0.1565406173467636, 0.02621397376060486, 0.3095685541629791, -0.0061280266381800175, 0.004152653738856316, 0.03353692591190338, 131516.28125, 155863.3125, 85731.7265625, 121601.0234375, 142502.15625, 103152.3359375, 0.0, 0.0, 0.0, 0.0, 0.0, 0.0, 0.0, 0.0, 1.0, -0.19048620760440826, 702.0, 0.0, 0.0, -0.7034240961074829, 0.32353758811950684, 0.6269697546958923, 0.04976265632023161
36211, 0.1585729420185089, 0.024817846715450287, 0.31023842096328735, -0.0035373750142753124, 0.0006334958598017693, 0.03322870284318924, 131512.171875, 155863.3125, 85731.984375, 121598.828125, 142491.28125, 103147.453125, 0.0, 0.0, 0.0, 0.0, 0.0, 0.0, 0.0, 0.0, 1.0, -0.17040719091892242, 702.0, 0.0, 0.0, -0.7031009197235107, 0.3242703676223755, 0.6269489526748657, 0.05162553937720873
36232, 0.15764757990837097, 0.024912578985095024, 0.3099287450313568, -0.006954220589250326, 0.0001673654915066436, 0.02713776007294655, 131508.3125, 155865.21875, 85726.0625, 121594.4453125, 142498.109375, 103144.828125, 0.0, 0.0, 0.0, 0.0, 0.0, 0.0, 0.0, 0.0, 1.0, -0.13877072930335999, 702.0, 0.0, 0.0, -0.7026982307434082, 0.3251643776893616, 0.6269111633300781, 0.0516507704431815
36251, 0.15877686440944672, 0.02565937116742134, 0.3104775846004486, -0.006350980140268803, 0.001191913615912199, 0.027613483369350433, 131506.0625, 155863.3125, 85730.9140625, 121594.4453125, 142504.421875, 103152.3359375, 0.0, 0.0, 0.0, 0.0, 0.0, 0.0, 0.0, 0.0, 1.0, -0.12810248136520386, 704.0, 0.0, 0.0, -0.7023526430130005, 0.3262847065925598, 0.6267400979995728, 0.05133481563988532
36271, 0.1575842648744583, 0.025618385523557663, 0.31249937415122986, -0.010389246977865696, 0.0007019970216788352, 0.03461572155356407, 131502.203125, 155863.3125, 85730.9140625, 121594.6640625, 142499.875, 103146.703125, 0.0, 0.0, 0.0, 0.0, 0.0, 0.0, 0.0, 0.0, 1.0, -0.1079162135720253, 704.0, 0.0, 0.0, -0.7020661234855652, 0.32687056064605713, 0.6266629099845886, 0.049826039237590845
36292, 0.16246795654296875, 0.02572706900537014, 0.31320664286613464, -0.002651696093380451, 0.0004779448499903083, 0.03670996427536011, 131500.96875, 155865.21875, 85727.9453125, 121592.90625, 142504.421875, 103148.203125, 0.0, 0.0, 0.0, 0.0, 0.0, 0.0, 0.0, 0.0, 1.0, -0.12026479095220566, 704.0, 0.0, 0.0, -0.7019108533859253, 0.3274034857749939, 0.6264505386352539, 0.051820027065181955
36311, 0.15901032090187073, 0.025502201169729233, 0.3136940598487854, -0.010900435969233513, -0.00026661722222343087, 0.03551831468939781, 131508.9375, 155863.3125, 85724.984375, 121599.484375, 142502.15625, 103150.2734375, 0.0, 0.0, 0.0, 0.0, 0.0, 0.0, 0.0, 0.0, 1.0, -0.0878954753279686, 703.0, 0.0, 0.0, -0.7017186880111694, 0.32802799344062805, 0.6263435482978821, 0.05180385900817634
36331, 0.15747909247875214, 0.02400878071784973, 0.31439363956451416, -0.01488564908504486, -0.00329556199721992, 0.03423091024160385, 131499.96875, 155865.21875, 85729.8359375, 121593.5625, 142503.921875, 103147.6484375, 0.0, 0.0, 0.0, 0.0, 0.0, 0.0, 0.0, 0.0, 1.0, -0.07211240381002426, 703.0, 0.0, 0.0, -0.7013359069824219, 0.3289237916469574, 0.6260121464729309, 0.04949107775577631
36352, 0.15889841318130493, 0.02475462295114994, 0.3150392472743988, -0.012968095950782299, -0.002170959720388055, 0.033331844955682755, 131505.453125, 155861.421875, 85729.0234375, 121595.1015625, 142495.828125, 103155.71875, 0.0, 0.0, 0.0, 0.0, 0.0, 0.0, 0.0, 0.0, 1.0, -0.092836394906044, 703.0, 0.0, 0.0, -0.7009741067886353, 0.3297122120857239, 0.6258013248443604, 0.04957715113689555
36372, 0.15628480911254883, 0.025738263502717018, 0.3156944811344147, -0.018636614084243774, -0.0006881568697281182, 0.03268842399120331, 131506.0625, 155861.421875, 85730.6484375, 121590.7109375, 142499.875, 103153.6484375, 0.0, 0.0, 0.0, 0.0, 0.0, 0.0, 0.0, 0.0, 1.0, -0.07439395785331726, 708.0, 0.0, 0.0, -0.7009856104850769, 0.33031055331230164, 0.6254827380180359, 0.0492139114027771
36391, 0.15388447046279907, 0.025939689949154854, 0.3163314461708069, -0.023769544437527657, -0.0005823243409395218, 0.03186769038438797, 131510.546875, 155861.421875, 85722.28125, 121598.828125, 142496.828125, 103157.21875, 0.0, 0.0, 0.0, 0.0, 0.0, 0.0, 0.0, 0.0, 1.0, -0.06884720921516418, 708.0, 0.0, 0.0, -0.7006661891937256, 0.3311197757720947, 0.6251540184020996, 0.05129117901390604
36411, 0.15690681338310242, 0.027756674215197563, 0.31725189089775085, -0.01852303370833397, 0.0027427540626376867, 0.03332342207431793, 131503.828125, 155863.3125, 85720.953125, 121590.7109375, 142500.375, 103153.09375, 0.0, 0.0, 0.0, 0.0, 0.0, 0.0, 0.0, 0.0, 1.0, -0.07350383698940277, 708.0, 0.0, 0.0, -0.7001224756240845, 0.3317268192768097, 0.6248936057090759, 0.05004730955719396
36431, 0.1560678333044052, 0.028271982446312904, 0.3179289698600769, -0.02045026235282421, 0.0036662661004811525, 0.03439398854970932, 131511.171875, 155863.3125, 85714.7265625, 121594.4453125, 142500.375, 103156.46875, 0.0, 0.0, 0.0, 0.0, 0.0, 0.0, 0.0, 0.0, 1.0, -0.08065921813249588, 710.0, 0.0, 0.0, -0.6997708082199097, 0.33227282762527466, 0.6246646046638489, 0.04811896381175385
36451, 0.1518741399049759, 0.02662363275885582, 0.3186372220516205, -0.02861412987112999, 0.0004333327815402299, 0.033266425132751465, 131502.203125, 155865.21875, 85718.5078125, 121601.0234375, 142498.609375, 103155.15625, 0.0, 0.0, 0.0, 0.0, 0.0, 0.0, 0.0, 0.0, 1.0, -0.09757076948881149, 710.0, 0.0, 0.0, -0.6995351910591125, 0.3329043984413147, 0.6242595314979553, 0.049136167933690765
36471, 0.15632908046245575, 0.02621626667678356, 0.31931939721107483, -0.02014484442770481, -0.0004854463622905314, 0.03465340659022331, 131503.828125, 155857.625, 85722.28125, 121594.4453125, 142504.421875, 103160.6015625, 0.0, 0.0, 0.0, 0.0, 0.0, 0.0, 0.0, 0.0, 1.0, -0.11517799645662308, 710.0, 0.0, 0.0, -0.6992488503456116, 0.33346205949783325, 0.623797595500946, 0.05000554690894065
36491, 0.15782836079597473, 0.029912395402789116, 0.32015302777290344, -0.017314080148935318, 0.006226512137800455, 0.035626232624053955, 131517.28125, 155865.21875, 85718.25, 121601.0234375, 142500.375, 103159.84375, 0.0, 0.0, 0.0, 0.0, 0.0, 0.0, 0.0, 0.0, 1.0, -0.1208539754152298, 710.0, 0.0, 0.0, -0.6989198327064514, 0.33432143926620483, 0.6234646439552307, 0.05054925748168039
36511, 0.15734881162643433, 0.02607935667037964, 0.32087579369544983, -0.018018364906311035, -0.0014773914590477943, 0.03722955659031868, 131503.828125, 155863.3125, 85715.546875, 121597.296875, 142500.375, 103156.46875, 0.0, 0.0, 0.0, 0.0, 0.0, 0.0, 0.0, 0.0, 1.0, -0.12950199842453003, 710.0, 0.0, 0.0, -0.6985923647880554, 0.3348842263221741, 0.6231027245521545, 0.04874115789175737
36531, 0.1591462790966034, 0.02864958345890045, 0.3207911252975464, -0.014345033094286919, 0.0033141635358333588, 0.03338315337896347, 131506.0625, 155863.3125, 85718.5078125, 121597.296875, 142499.375, 103157.21875, 0.0, 0.0, 0.0, 0.0, 0.0, 0.0, 0.0, 0.0, 1.0, -0.1494329273700714, 713.0, 0.0, 0.0, -0.6981275677680969, 0.335957795381546, 0.6223511695861816, 0.0492386425223457
36551, 0.159809410572052, 0.029802173376083374, 0.3217388093471527, -0.0125288600102067, 0.004555389750748873, 0.030052512884140015, 131508.3125, 155861.421875, 85725.8046875, 121599.484375, 142499.875, 103159.2890625, 0.0, 0.0, 0.0, 0.0, 0.0, 0.0, 0.0, 0.0, 1.0, -0.17435592412948608, 713.0, 0.0, 0.0, -0.6979563236236572, 0.3365373909473419, 0.6218962669372559, 0.05037606915069541
36571, 0.15274092555046082, 0.03512712940573692, 0.3223322033882141, -0.025515679270029068, 0.014270908199250698, 0.02785835973918438, 131507.3125, 155861.421875, 85711.765625, 121593.5625, 142495.328125, 103155.90625, 0.0, 0.0, 0.0, 0.0, 0.0, 0.0, 0.0, 0.0, 1.0, -0.1990809142589569, 713.0, 0.0, 0.0, -0.6976872682571411, 0.3372907042503357, 0.6214324831962585, 0.05034512576358077
36591, 0.1529032588005066, 0.036272138357162476, 0.32404032349586487, -0.02475595660507679, 0.015656424686312675, 0.0313175730407238, 131507.6875, 155859.515625, 85717.4296875, 121592.25, 142504.421875, 103156.46875, 0.0, 0.0, 0.0, 0.0, 0.0, 0.0, 0.0, 0.0, 1.0, -0.2381150871515274, 706.0, 0.0, 0.0, -0.6972989439964294, 0.3380469083786011, 0.6208653450012207, 0.048468977102124625
36611, 0.15240289270877838, 0.03658359870314598, 0.32466116547584534, -0.025242971256375313, 0.015508762560784817, 0.030801894143223763, 131502.828125, 155861.421875, 85710.953125, 121586.328125, 142496.328125, 103161.3515625, 0.0, 0.0, 0.0, 0.0, 0.0, 0.0, 0.0, 0.0, 1.0, -0.24644307792186737, 706.0, 0.0, 0.0, -0.6970549821853638, 0.3384838402271271, 0.6205146312713623, 0.05013910034047951
36631, 0.15215933322906494, 0.03808572515845299, 0.3262539207935333, -0.02515963464975357, 0.01741158775985241, 0.033358559012413025, 131507.3125, 155863.3125, 85716.6171875, 121592.90625, 142498.109375, 103159.2890625, 0.0, 0.0, 0.0, 0.0, 0.0, 0.0, 0.0, 0.0, 1.0, -0.2881375849246979, 706.0, 0.0, 0.0, -0.6966735124588013, 0.33910229802131653, 0.6197659969329834, 0.047378519636951714
36651, 0.14961133897304535, 0.03916573151946068, 0.32690301537513733, -0.029300596565008163, 0.018132781609892845, 0.031875673681497574, 131506.6875, 155857.625, 85713.65625, 121594.4453125, 142502.15625, 103160.6015625, 0.0, 0.0, 0.0, 0.0, 0.0, 0.0, 0.0, 0.0, 1.0, -0.30938881635665894, 708.0, 0.0, 0.0, -0.6965029239654541, 0.33961382508277893, 0.6192619204521179, 0.04557190245802544
36673, 0.1494232416152954, 0.04055555909872055, 0.3284006714820862, -0.028577685356140137, 0.01926441304385662, 0.03361334651708603, 131502.203125, 155861.421875, 85710.6953125, 121593.5625, 142502.65625, 103157.21875, 0.0, 0.0, 0.0, 0.0, 0.0, 0.0, 0.0, 0.0, 1.0, -0.3311951160430908, 708.0, 0.0, 0.0, -0.6964629292488098, 0.34033703804016113, 0.6184743046760559, 0.043618233356509925
36691, 0.14831838011741638, 0.04048806056380272, 0.32907283306121826, -0.029427748173475266, 0.017359167337417603, 0.03372993320226669, 131508.9375, 155863.3125, 85711.765625, 121597.296875, 142494.0625, 103161.3515625, 0.0, 0.0, 0.0, 0.0, 0.0, 0.0, 0.0, 0.0, 1.0, -0.3549575209617615, 708.0, 0.0, 0.0, -0.6962639689445496, 0.3405227065086365, 0.6179351806640625, 0.04519078846134988
36711, 0.1471542865037918, 0.0406266525387764, 0.3295518755912781, -0.03034859336912632, 0.015860537067055702, 0.029779227450489998, 131504.453125, 155859.515625, 85708.8046875, 121594.4453125, 142494.0625, 103158.53125, 0.0, 0.0, 0.0, 0.0, 0.0, 0.0, 0.0, 0.0, 1.0, -0.36722618341445923, 714.0, 0.0, 0.0, -0.6960399150848389, 0.34089598059654236, 0.6173974275588989, 0.044367314698314106
36731, 0.14654940366744995, 0.04093290865421295, 0.3301231861114502, -0.030136054381728172, 0.014765312895178795, 0.02714576944708824, 131506.6875, 155863.3125, 85706.359375, 121603.875, 142500.375, 103165.484375, 0.0, 0.0, 0.0, 0.0, 0.0, 0.0, 0.0, 0.0, 1.0, -0.3707594871520996, 714.0, 0.0, 0.0, -0.695992112159729, 0.3412270247936249, 0.6167774796485901, 0.04312489325781008
36751, 0.14675354957580566, 0.03984016552567482, 0.33039048314094543, -0.029051700606942177, 0.011812669225037098, 0.026075677946209908, 131506.6875, 155859.515625, 85712.5859375, 121595.1015625, 142502.65625, 103161.3515625, 0.0, 0.0, 0.0, 0.0, 0.0, 0.0, 0.0, 0.0, 1.0, -0.3826513886451721, 717.0, 0.0, 0.0, -0.6959452033042908, 0.34135672450065613, 0.6161205172538757, 0.04203486711580333
36772, 0.14290745556354523, 0.03978480398654938, 0.33174848556518555, -0.03439687564969063, 0.009348816238343716, 0.025949126109480858, 131514.40625, 155867.125, 85703.140625, 121597.953125, 142504.921875, 103159.2890625, 0.0, 0.0, 0.0, 0.0, 0.0, 0.0, 0.0, 0.0, 1.0, -0.39283284544944763, 717.0, 0.0, 0.0, -0.6959488391876221, 0.3416682779788971, 0.6156245470046997, 0.043087462942567885
36791, 0.14256399869918823, 0.03987537696957588, 0.33200210332870483, -0.03429524973034859, 0.008766062557697296, 0.02477528713643551, 131503.828125, 155859.515625, 85707.9921875, 121594.21875, 142506.203125, 103163.4140625, 0.0, 0.0, 0.0, 0.0, 0.0, 0.0, 0.0, 0.0, 1.0, -0.39651909470558167, 717.0, 0.0, 0.0, -0.6961275935173035, 0.3418319821357727, 0.6151965856552124, 0.04382012745300726
36811, 0.1413121372461319, 0.041135143488645554, 0.33278053998947144, -0.03504228591918945, 0.009685760363936424, 0.023868689313530922, 131502.203125, 155863.3125, 85706.1015625, 121595.1015625, 142507.203125, 103167.546875, 0.0, 0.0, 0.0, 0.0, 0.0, 0.0, 0.0, 0.0, 1.0, -0.40428346395492554, 715.0, 0.0, 0.0, -0.6960949897766113, 0.34214532375335693, 0.6144723296165466, 0.045698289292374274
36831, 0.13921184837818146, 0.04154857620596886, 0.33324965834617615, -0.037241410464048386, 0.009026768617331982, 0.02259506657719612, 131502.828125, 155861.421875, 85702.328125, 121596.6328125, 142503.640625, 103157.9765625, 0.0, 0.0, 0.0, 0.0, 0.0, 0.0, 0.0, 0.0, 1.0, -0.42489004135131836, 715.0, 0.0, 0.0, -0.6961738467216492, 0.3421657085418701, 0.6135050654411316, 0.042136765126932804
36851, 0.13847331702709198, 0.04171796143054962, 0.3338058590888977, -0.03661276027560234, 0.00803943071514368, 0.02037448063492775, 131504.453125, 155857.625, 85705.84375, 121596.6328125, 142503.15625, 103159.2890625, 0.0, 0.0, 0.0, 0.0, 0.0, 0.0, 0.0, 0.0, 1.0, -0.4402322769165039, 715.0, 0.0, 0.0, -0.6961799263954163, 0.3421378433704376, 0.613139271736145, 0.04205605815165452
36872, 0.13707049190998077, 0.04132578894495964, 0.3341960310935974, -0.037237152457237244, 0.006019251886755228, 0.019218575209379196, 131504.453125, 155861.421875, 85704.21875, 121599.484375, 142508.96875, 103160.6015625, 0.0, 0.0, 0.0, 0.0, 0.0, 0.0, 0.0, 0.0, 1.0, -0.44755709171295166, 719.0, 0.0, 0.0, -0.6966037154197693, 0.34230589866638184, 0.6126176118850708, 0.041956981470117775
36892, 0.13640348613262177, 0.041469886898994446, 0.33397167921066284, -0.036421798169612885, 0.004925918765366077, 0.014978964813053608, 131502.203125, 155863.3125, 85708.25, 121592.90625, 142500.375, 103167.546875, 0.0, 0.0, 0.0, 0.0, 0.0, 0.0, 0.0, 0.0, 1.0, -0.44990816712379456, 719.0, 0.0, 0.0, -0.6967630386352539, 0.3421400487422943, 0.6117956638336182, 0.04355320826310186
36911, 0.13516807556152344, 0.04013274237513542, 0.33424803614616394, -0.0365687757730484, 0.0009774211794137955, 0.012212393805384636, 131505.0625, 155859.515625, 85705.84375, 121595.1015625, 142499.09375, 103160.0390625, 0.0, 0.0, 0.0, 0.0, 0.0, 0.0, 0.0, 0.0, 1.0, -0.4632166922092438, 719.0, 0.0, 0.0, -0.6969969868659973, 0.34209543466567993, 0.6114909052848816, 0.04563816293969691
36932, 0.13444232940673828, 0.040148910135030746, 0.3328072130680084, -0.03548617660999298, -0.000282995926681906, 0.0011530964402481914, 131509.546875, 155861.421875, 85705.2890625, 121584.7890625, 142498.609375, 103168.3046875, 0.0, 0.0, 0.0, 0.0, 0.0, 0.0, 0.0, 0.0, 1.0, -0.4745010733604431, 725.0, 0.0, 0.0, -0.6971423625946045, 0.34184107184410095, 0.6109088659286499, 0.04320477535627743
36951, 0.13301829993724823, 0.04003681614995003, 0.3328213691711426, -0.03557704761624336, -0.0018305378034710884, 0.0008983211009763181, 131513.421875, 155859.515625, 85700.1796875, 121591.3671875, 142503.640625, 103167.546875, 0.0, 0.0, 0.0, 0.0, 0.0, 0.0, 0.0, 0.0, 1.0, -0.49220630526542664, 725.0, 0.0, 0.0, -0.6973957419395447, 0.34176769852638245, 0.6103727221488953, 0.04294736049912119
36971, 0.13168781995773315, 0.03905296325683594, 0.3328338861465454, -0.03560533747076988, -0.004883314482867718, 0.00031049957033246756, 131502.203125, 155861.421875, 85695.59375, 121600.140625, 142496.328125, 103166.234375, 0.0, 0.0, 0.0, 0.0, 0.0, 0.0, 0.0, 0.0, 1.0, -0.5046743154525757, 725.0, 0.0, 0.0, -0.697661280632019, 0.3417143225669861, 0.6100937724113464, 0.041938113251567606
36991, 0.13098406791687012, 0.03894650936126709, 0.3320533335208893, -0.03440134972333908, -0.0059974766336381435, -0.004382595885545015, 131511.796875, 155855.71875, 85693.703125, 121597.296875, 142500.875, 103163.4140625, 0.0, 0.0, 0.0, 0.0, 0.0, 0.0, 0.0, 0.0, 1.0, -0.5220136642456055, 727.0, 0.0, 0.0, -0.6979135274887085, 0.3417518734931946, 0.609717607498169, 0.04168760009369041
37011, 0.13169462978839874, 0.03805096819996834, 0.3319844901561737, -0.030326733365654945, -0.00847362820059061, -0.0023702436592429876, 131512.796875, 155861.421875, 85687.2265625, 121593.5625, 142503.15625, 103166.796875, 0.0, 0.0, 0.0, 0.0, 0.0, 0.0, 0.0, 0.0, 1.0, -0.5422559380531311, 727.0, 0.0, 0.0, -0.6983756422996521, 0.341663122177124, 0.609185516834259, 0.04198640101627651
37032, 0.13211411237716675, 0.037014201283454895, 0.33154940605163574, -0.026828324422240257, -0.011099963448941708, -0.004511186387389898, 131511.171875, 155859.515625, 85698.8125, 121595.7578125, 142503.15625, 103166.796875, 0.0, 0.0, 0.0, 0.0, 0.0, 0.0, 0.0, 0.0, 1.0, -0.5521762371063232, 728.0, 0.0, 0.0, -0.6986774206161499, 0.3415745198726654, 0.6088438630104065, 0.040936469504815956
37051, 0.1299225091934204, 0.036442648619413376, 0.3314480781555176, -0.028284573927521706, -0.012630368582904339, -0.005031031556427479, 131506.6875, 155859.515625, 85685.078125, 121589.1796875, 142499.09375, 103161.3515625, 0.0, 0.0, 0.0, 0.0, 0.0, 0.0, 0.0, 0.0, 1.0, -0.5381840467453003, 728.0, 0.0, 0.0, -0.6989827752113342, 0.34150028228759766, 0.6086171865463257, 0.040604574936679655
37072, 0.1296139657497406, 0.035519588738679886, 0.33160966634750366, -0.026095982640981674, -0.014639761298894882, -0.001857162918895483, 131509.546875, 155857.625, 85698.5546875, 121588.5234375, 142500.375, 103166.234375, 0.0, 0.0, 0.0, 0.0, 0.0, 0.0, 0.0, 0.0, 1.0, -0.5443940758705139, 728.0, 0.0, 0.0, -0.6995040774345398, 0.3414815366268158, 0.6082878708839417, 0.04169034795754069
37092, 0.12989887595176697, 0.03465842083096504, 0.33159521222114563, -0.022949932143092155, -0.016241243109107018, 0.0005856439238414168, 131508.9375, 155859.515625, 85691.0, 121589.1796875, 142507.703125, 103162.1015625, 0.0, 0.0, 0.0, 0.0, 0.0, 0.0, 0.0, 0.0, 1.0, -0.5340024828910828, 727.0, 0.0, 0.0, -0.7000684142112732, 0.34166428446769714, 0.6079604625701904, 0.04179937859365232
37111, 0.13009144365787506, 0.03260498493909836, 0.3317774534225464, -0.02004394121468067, -0.01964925229549408, 0.004825395066291094, 131506.6875, 155861.421875, 85684.265625, 121601.0234375, 142507.703125, 103162.1015625, 0.0, 0.0, 0.0, 0.0, 0.0, 0.0, 0.0, 0.0, 1.0, -0.49723100662231445, 727.0, 0.0, 0.0, -0.7005438804626465, 0.3415915369987488, 0.6076337695121765, 0.041451450691758394
37132, 0.12970824539661407, 0.03221272677183151, 0.3319050967693329, -0.018304215744137764, -0.019572235643863678, 0.007383051794022322, 131506.0625, 155859.515625, 85691.8125, 121588.5234375, 142500.375, 103170.3671875, 0.0, 0.0, 0.0, 0.0, 0.0, 0.0, 0.0, 0.0, 1.0, -0.4939224421977997, 727.0, 0.0, 0.0, -0.7011460065841675, 0.341693639755249, 0.6071831583976746, 0.0406901468085858
37153, 0.13001534342765808, 0.031179361045360565, 0.33208009600639343, -0.015452714636921883, -0.0205947607755661, 0.010448909364640713, 131511.171875, 155861.421875, 85694.7734375, 121595.1015625, 142498.109375, 103163.609375, 0.0, 0.0, 0.0, 0.0, 0.0, 0.0, 0.0, 0.0, 1.0, -0.4771120548248291, 724.0, 0.0, 0.0, -0.7017863392829895, 0.34191393852233887, 0.6067157983779907, 0.043911200827575735
37173, 0.1285158097743988, 0.029721884056925774, 0.33308297395706177, -0.01612124778330326, -0.02203122340142727, 0.017399180680513382, 131499.96875, 155859.515625, 85686.1484375, 121597.953125, 142492.78125, 103162.859375, 0.0, 0.0, 0.0, 0.0, 0.0, 0.0, 0.0, 0.0, 1.0, -0.4560622572898865, 724.0, 0.0, 0.0, -0.7020494341850281, 0.3423261344432831, 0.6064545512199402, 0.04172011605790672
37191, 0.12812668085098267, 0.028373848646879196, 0.3334287703037262, -0.014478773809969425, -0.023041004315018654, 0.017841527238488197, 131506.6875, 155857.625, 85691.0, 121589.1796875, 142499.09375, 103159.4765625, 0.0, 0.0, 0.0, 0.0, 0.0, 0.0, 0.0, 0.0, 1.0, -0.45029616355895996, 724.0, 0.0, 0.0, -0.7026630640029907, 0.3426148593425751, 0.6063852310180664, 0.04496184712260758
37211, 0.12799237668514252, 0.027164945378899574, 0.33265557885169983, -0.012516624294221401, -0.02376793697476387, 0.012632039375603199, 131503.453125, 155857.625, 85681.3046875, 121584.7890625, 142498.609375, 103160.7890625, 0.0, 0.0, 0.0, 0.0, 0.0, 0.0, 0.0, 0.0, 1.0, -0.4045770764350891, 729.0, 0.0, 0.0, -0.7030669450759888, 0.34285086393356323, 0.6063318252563477, 0.04574701653415024
37231, 0.12776066362857819, 0.025783052667975426, 0.3329204320907593, -0.010930891148746014, -0.024709053337574005, 0.013604594394564629, 131499.96875, 155857.625, 85686.1484375, 121593.5625, 142499.09375, 103172.9921875, 0.0, 0.0, 0.0, 0.0, 0.0, 0.0, 0.0, 0.0, 1.0, -0.357273668050766, 729.0, 0.0, 0.0, -0.7035554647445679, 0.34324637055397034, 0.6061499714851379, 0.045808277582318556
37251, 0.1275557279586792, 0.02529565989971161, 0.3327310383319855, -0.00949734728783369, -0.02371596358716488, 0.011806699447333813, 131504.453125, 155859.515625, 85679.671875, 121595.1015625, 142500.875, 103164.171875, 0.0, 0.0, 0.0, 0.0, 0.0, 0.0, 0.0, 0.0, 1.0, -0.342543363571167, 729.0, 0.0, 0.0, -0.7039521336555481, 0.3435531556606293, 0.6057769656181335, 0.0483355538485313
37271, 0.12684211134910583, 0.024346185848116875, 0.33297479152679443, -0.009262283332645893, -0.023531410843133926, 0.01234196312725544, 131504.453125, 155857.625, 85682.375, 121597.296875, 142503.15625, 103162.859375, 0.0, 0.0, 0.0, 0.0, 0.0, 0.0, 0.0, 0.0, 1.0, -0.3218623995780945, 726.0, 0.0, 0.0, -0.7043079733848572, 0.3440342843532562, 0.6055389046669006, 0.04872378653583021
37291, 0.12725648283958435, 0.023327579721808434, 0.3332325518131256, -0.007009145338088274, -0.023138990625739098, 0.014007482677698135, 131502.203125, 155857.625, 85674.8203125, 121591.3671875, 142499.59375, 103165.484375, 0.0, 0.0, 0.0, 0.0, 0.0, 0.0, 0.0, 0.0, 1.0, -0.2913307249546051, 726.0, 0.0, 0.0, -0.7047345042228699, 0.3446652591228485, 0.6052849292755127, 0.04996669860702494
37311, 0.12712536752223969, 0.02287561632692814, 0.33293208479881287, -0.006018093787133694, -0.021649649366736412, 0.011180504225194454, 131502.828125, 155859.515625, 85671.859375, 121590.7109375, 142503.640625, 103164.921875, 0.0, 0.0, 0.0, 0.0, 0.0, 0.0, 0.0, 0.0, 1.0, -0.26401612162590027, 726.0, 0.0, 0.0, -0.7049892544746399, 0.3449539244174957, 0.6052794456481934, 0.049113761786119245
37331, 0.12833237648010254, 0.020647363737225533, 0.3331708312034607, -0.0028364320751279593, -0.023613106459379196, 0.013691316358745098, 131505.0625, 155853.828125, 85679.4140625, 121589.1796875, 142505.421875, 103165.484375, 0.0, 0.0, 0.0, 0.0, 0.0, 0.0, 0.0, 0.0, 1.0, -0.24188528954982758, 734.0, 0.0, 0.0, -0.7052439451217651, 0.34545016288757324, 0.6049653887748718, 0.044613119398304445
37351, 0.12745411694049835, 0.021853921934962273, 0.33541592955589294, -0.003726259106770158, -0.018675005063414574, 0.02709384821355343, 131498.96875, 155859.515625, 85678.6015625, 121584.1328125, 142505.421875, 103159.4765625, 0.0, 0.0, 0.0, 0.0, 0.0, 0.0, 0.0, 0.0, 1.0, -0.22990410029888153, 734.0, 0.0, 0.0, -0.7055897116661072, 0.34572017192840576, 0.6047213673591614, 0.047208633678169076
37371, 0.12764449417591095, 0.02185583859682083, 0.335967481136322, -0.002539082895964384, -0.016436632722616196, 0.027679309248924255, 131507.3125, 155855.71875, 85673.75, 121586.328125, 142498.109375, 103165.6796875, 0.0, 0.0, 0.0, 0.0, 0.0, 0.0, 0.0, 0.0, 1.0, -0.2125980705022812, 728.0, 0.0, 0.0, -0.7058238387107849, 0.34639862179756165, 0.6046725511550903, 0.04765343817107691
37391, 0.1276007890701294, 0.021543368697166443, 0.3368343710899353, -0.0018634104635566473, -0.015036629512906075, 0.029871776700019836, 131503.453125, 155861.421875, 85674.0078125, 121591.3671875, 142507.703125, 103170.171875, 0.0, 0.0, 0.0, 0.0, 0.0, 0.0, 0.0, 0.0, 1.0, -0.17325642704963684, 728.0, 0.0, 0.0, -0.7060344219207764, 0.3467026352882385, 0.6044871211051941, 0.048278292943018226
37411, 0.1276659369468689, 0.020811714231967926, 0.33742472529411316, -0.0011598786804825068, -0.01463900413364172, 0.029077937826514244, 131506.6875, 155859.515625, 85668.8984375, 121592.90625, 142507.703125, 103166.9921875, 0.0, 0.0, 0.0, 0.0, 0.0, 0.0, 0.0, 0.0, 1.0, -0.12745048105716705, 728.0, 0.0, 0.0, -0.7062301635742188, 0.34728923439979553, 0.60422682762146, 0.04851968649881471
37433, 0.1281149536371231, 0.0187382735311985, 0.33829325437545776, 4.3997628381475806e-05, -0.01580648124217987, 0.02880212478339672, 131507.3125, 155857.625, 85664.3125, 121594.875, 142500.09375, 103166.234375, 0.0, 0.0, 0.0, 0.0, 0.0, 0.0, 0.0, 0.0, 1.0, -0.10792917013168335, 730.0, 0.0, 0.0, -0.7065330743789673, 0.3479795753955841, 0.60392165184021, 0.05044830304580089
37451, 0.1281154453754425, 0.01858329586684704, 0.3385780453681946, 5.4099255066830665e-05, -0.015189704485237598, 0.028158579021692276, 131499.59375, 155857.625, 85672.1171875, 121598.609375, 142500.875, 103170.3671875, 0.0, 0.0, 0.0, 0.0, 0.0, 0.0, 0.0, 0.0, 1.0, -0.06969710439443588, 730.0, 0.0, 0.0, -0.7067033648490906, 0.3484225273132324, 0.6037377119064331, 0.04990887034012166
37471, 0.1281161904335022, 0.01829344592988491, 0.33911100029945374, 2.2784643078921363e-05, -0.013796200975775719, 0.024602601304650307, 131507.3125, 155855.71875, 85659.4609375, 121599.484375, 142504.921875, 103163.609375, 0.0, 0.0, 0.0, 0.0, 0.0, 0.0, 0.0, 0.0, 1.0, -0.023410271853208542, 730.0, 0.0, 0.0, -0.706833004951477, 0.3486498296260834, 0.6035107970237732, 0.05125134572759286
37491, 0.1281176209449768, 0.018015090376138687, 0.33766674995422363, 1.853488174674567e-05, -0.012604503892362118, 0.01074299868196249, 131508.9375, 155857.625, 85669.15625, 121589.8359375, 142505.921875, 103170.3671875, 0.0, 0.0, 0.0, 0.0, 0.0, 0.0, 0.0, 0.0, 1.0, 0.0036016555968672037, 733.0, 0.0, 0.0, -0.7071040272712708, 0.3493247330188751, 0.6031467914581299, 0.052538174653538675
37511, 0.12811636924743652, 0.017774665728211403, 0.3378479480743408, -0.0001898051268653944, -0.011423409916460514, 0.007366259582340717, 131508.9375, 155857.625, 85664.3125, 121593.5625, 142512.734375, 103171.1171875, 0.0, 0.0, 0.0, 0.0, 0.0, 0.0, 0.0, 0.0, 1.0, 0.027564762160182, 733.0, 0.0, 0.0, -0.7072403430938721, 0.34973978996276855, 0.602508544921875, 0.05063773680329691
37531, 0.1264001876115799, 0.01570987142622471, 0.3384455740451813, -0.004000389017164707, -0.01375272125005722, 0.009835416451096535, 131504.078125, 155857.625, 85664.3125, 121586.984375, 142507.703125, 103170.3671875, 0.0, 0.0, 0.0, 0.0, 0.0, 0.0, 0.0, 0.0, 1.0, 0.06600263714790344, 733.0, 0.0, 0.0, -0.7074726819992065, 0.3498053550720215, 0.6021420359611511, 0.050868561034940085
37551, 0.12527917325496674, 0.014830335974693298, 0.33862411975860596, -0.006950789131224155, -0.013955086469650269, 0.007354196161031723, 131515.65625, 155857.625, 85667.2734375, 121589.1796875, 142509.96875, 103169.6171875, 0.0, 0.0, 0.0, 0.0, 0.0, 0.0, 0.0, 0.0, 1.0, 0.07828392833471298, 728.0, 0.0, 0.0, -0.707609236240387, 0.3501861095428467, 0.6016547679901123, 0.054279973089450415
37571, 0.12599650025367737, 0.014177244156599045, 0.3380988836288452, -0.006421869155019522, -0.013565026223659515, 0.004025441128760576, 131507.9375, 155861.421875, 85669.9765625, 121596.4140625, 142512.734375, 103175.8125, 0.0, 0.0, 0.0, 0.0, 0.0, 0.0, 0.0, 0.0, 1.0, 0.09992090612649918, 728.0, 0.0, 0.0, -0.7076362371444702, 0.3506762683391571, 0.601092517375946, 0.05338939105456931
37591, 0.12472511827945709, 0.013383678160607815, 0.33818918466567993, -0.009302333928644657, -0.013229848816990852, 0.0040698545053601265, 131510.171875, 155861.421875, 85666.203125, 121597.296875, 142503.640625, 103172.4296875, 0.0, 0.0, 0.0, 0.0, 0.0, 0.0, 0.0, 0.0, 1.0, 0.09330862015485764, 728.0, 0.0, 0.0, -0.7077933549880981, 0.35079526901245117, 0.6006192564964294, 0.05473798320158026
37611, 0.12420570105314255, 0.015841741114854813, 0.3389449417591095, -0.01045375969260931, -0.007341298740357161, 0.005641222931444645, 131515.65625, 155855.71875, 85656.7578125, 121597.953125, 142503.15625, 103171.6796875, 0.0, 0.0, 0.0, 0.0, 0.0, 0.0, 0.0, 0.0, 1.0, 0.09368722140789032, 731.0, 0.0, 0.0, -0.707810640335083, 0.35093623399734497, 0.6001079678535461, 0.05469806479384373
37631, 0.12024978548288345, 0.01709933951497078, 0.33905768394470215, -0.01808623969554901, -0.0039493627846241, 0.0061398823745548725, 131503.453125, 155859.515625, 85668.8984375, 121593.5625, 142500.09375, 103173.1875, 0.0, 0.0, 0.0, 0.0, 0.0, 0.0, 0.0, 0.0, 1.0, 0.11537252366542816, 731.0, 0.0, 0.0, -0.7079123854637146, 0.3511184751987457, 0.5994954705238342, 0.05205855609061123
37651, 0.12165633589029312, 0.01787451282143593, 0.3391798734664917, -0.01583423838019371, -0.0013598367804661393, 0.005943171679973602, 131501.203125, 155855.71875, 85664.3125, 121593.5625, 142504.640625, 103173.1875, 0.0, 0.0, 0.0, 0.0, 0.0, 0.0, 0.0, 0.0, 1.0, 0.1374289095401764, 732.0, 0.0, 0.0, -0.7079814672470093, 0.35130777955055237, 0.5988823771476746, 0.05279941269726577
37671, 0.12127427756786346, 0.018403414636850357, 0.340072363615036, -0.016619930043816566, 0.0008832831517793238, 0.012135102413594723, 131503.453125, 155857.625, 85667.015625, 121588.296875, 142508.1875, 103173.1875, 0.0, 0.0, 0.0, 0.0, 0.0, 0.0, 0.0, 0.0, 1.0, 0.12441173940896988, 732.0, 0.0, 0.0, -0.7080665826797485, 0.35200828313827515, 0.5979589223861694, 0.05070552308151121
37691, 0.1212335005402565, 0.019410274922847748, 0.34034380316734314, -0.01673044078052044, 0.003474571043625474, 0.012981723062694073, 131504.078125, 155861.421875, 85669.15625, 121584.5703125, 142501.375, 103173.1875, 0.0, 0.0, 0.0, 0.0, 0.0, 0.0, 0.0, 0.0, 1.0, 0.14168991148471832, 732.0, 0.0, 0.0, -0.7081827521324158, 0.35245728492736816, 0.5973732471466064, 0.0527792496063148
37711, 0.12089357525110245, 0.019486594945192337, 0.3412104547023773, -0.017077695578336716, 0.004063766915351152, 0.0140836201608181, 131497.96875, 155857.625, 85659.4609375, 121579.7421875, 142505.421875, 103169.8046875, 0.0, 0.0, 0.0, 0.0, 0.0, 0.0, 0.0, 0.0, 1.0, 0.17383714020252228, 729.0, 0.0, 0.0, -0.7080940008163452, 0.3528105616569519, 0.5965588092803955, 0.05491143954323253
37731, 0.1201932281255722, 0.01921897567808628, 0.34150150418281555, -0.01773320510983467, 0.004000509157776833, 0.015355848707258701, 131501.203125, 155857.625, 85653.2421875, 121585.4453125, 142505.921875, 103173.1875, 0.0, 0.0, 0.0, 0.0, 0.0, 0.0, 0.0, 0.0, 1.0, 0.20339220762252808, 729.0, 0.0, 0.0, -0.7080963850021362, 0.35310548543930054, 0.5956936478614807, 0.055205485438600384
37751, 0.11730457842350006, 0.021243542432785034, 0.34273606538772583, -0.022201331332325935, 0.007855490781366825, 0.020021865144371986, 131502.828125, 155859.515625, 85654.875, 121587.640625, 142510.46875, 103174.5, 0.0, 0.0, 0.0, 0.0, 0.0, 0.0, 0.0, 0.0, 1.0, 0.2249821275472641, 729.0, 0.0, 0.0, -0.7081390023231506, 0.3532355725765228, 0.5950422286987305, 0.05383416077039647
37771, 0.115217424929142, 0.020342443138360977, 0.3431309163570404, -0.024977650493383408, 0.006198276299983263, 0.01943303272128105, 131509.546875, 155855.71875, 85657.578125, 121593.5625, 142501.375, 103172.4296875, 0.0, 0.0, 0.0, 0.0, 0.0, 0.0, 0.0, 0.0, 1.0, 0.24619165062904358, 731.0, 0.0, 0.0, -0.7082127332687378, 0.35324186086654663, 0.5942689180374146, 0.05215506129949645
37792, 0.11418308317661285, 0.02031940221786499, 0.3436926305294037, -0.02545292116701603, 0.005905285011976957, 0.017298905178904533, 131505.6875, 155857.625, 85654.0625, 121596.4140625, 142506.421875, 103173.1875, 0.0, 0.0, 0.0, 0.0, 0.0, 0.0, 0.0, 0.0, 1.0, 0.2545183002948761, 731.0, 0.0, 0.0, -0.7083780765533447, 0.35322245955467224, 0.593204140663147, 0.05302340801920224
37811, 0.11275653541088104, 0.019764654338359833, 0.34403344988822937, -0.026508623734116554, 0.004449416417628527, 0.01651925779879093, 131501.828125, 155857.625, 85656.7578125, 121601.6796875, 142501.375, 103173.1875, 0.0, 0.0, 0.0, 0.0, 0.0, 0.0, 0.0, 0.0, 1.0, 0.26226624846458435, 731.0, 0.0, 0.0, -0.7086042761802673, 0.3537113070487976, 0.5925942659378052, 0.05360383099942036
37831, 0.11004982143640518, 0.017648635432124138, 0.344603568315506, -0.029902616515755653, 0.00015612317656632513, 0.01639067940413952, 131510.171875, 155857.625, 85644.3671875, 121590.4921875, 142505.921875, 103178.6328125, 0.0, 0.0, 0.0, 0.0, 0.0, 0.0, 0.0, 0.0, 1.0, 0.27350714802742004, 737.0, 0.0, 0.0, -0.7088909149169922, 0.3540373742580414, 0.5912277698516846, 0.05423014952252758
37851, 0.10764753818511963, 0.018042895942926407, 0.34489670395851135, -0.03285986930131912, 0.00042622556793503463, 0.013506950810551643, 131506.3125, 155857.625, 85652.171875, 121594.875, 142501.875, 103176.0, 0.0, 0.0, 0.0, 0.0, 0.0, 0.0, 0.0, 0.0, 1.0, 0.2974783480167389, 737.0, 0.0, 0.0, -0.7090636491775513, 0.35417020320892334, 0.5905716419219971, 0.05560405921678188
37872, 0.10504323244094849, 0.01630980707705021, 0.3451685905456543, -0.03596370294690132, -0.002978903939947486, 0.01417582668364048, 131502.453125, 155855.71875, 85648.140625, 121597.953125, 142506.421875, 103172.4296875, 0.0, 0.0, 0.0, 0.0, 0.0, 0.0, 0.0, 0.0, 1.0, 0.3171897530555725, 737.0, 0.0, 0.0, -0.7091503739356995, 0.35457897186279297, 0.5894015431404114, 0.05657035906023791
37891, 0.10410121828317642, 0.01708904094994068, 0.3448774814605713, -0.035815995186567307, -0.0018584087956696749, 0.009256861172616482, 131505.6875, 155857.625, 85640.84375, 121587.640625, 142507.703125, 103179.3828125, 0.0, 0.0, 0.0, 0.0, 0.0, 0.0, 0.0, 0.0, 1.0, 0.31715190410614014, 744.0, 0.0, 0.0, -0.709445059299469, 0.35476356744766235, 0.5885422229766846, 0.057893967957314114
37911, 0.10251402109861374, 0.014243109151721, 0.3450471758842468, -0.03676730394363403, -0.007389966398477554, 0.007946894504129887, 131496.71875, 155855.71875, 85648.3984375, 121595.7578125, 142509.1875, 103177.3125, 0.0, 0.0, 0.0, 0.0, 0.0, 0.0, 0.0, 0.0, 1.0, 0.33041033148765564, 744.0, 0.0, 0.0, -0.7097910642623901, 0.3544614911079407, 0.5878255367279053, 0.05839266457404085
37932, 0.10046402364969254, 0.014285063371062279, 0.34551897644996643, -0.03834501653909683, -0.0074021946638822556, 0.006561281159520149, 131503.453125, 155855.71875, 85652.984375, 121593.5625, 142506.421875, 103180.6953125, 0.0, 0.0, 0.0, 0.0, 0.0, 0.0, 0.0, 0.0, 1.0, 0.34628352522850037, 744.0, 0.0, 0.0, -0.7099873423576355, 0.3546876013278961, 0.5867061614990234, 0.05637560788676813
37951, 0.09734657406806946, 0.014155684970319271, 0.3456253409385681, -0.04176240414381027, -0.007633005268871784, 0.004648484755307436, 131499.59375, 155855.71875, 85660.5390625, 121591.1484375, 142504.921875, 103175.25, 0.0, 0.0, 0.0, 0.0, 0.0, 0.0, 0.0, 0.0, 1.0, 0.3433338701725006, 744.0, 0.0, 0.0, -0.7102920413017273, 0.3546438217163086, 0.5858532786369324, 0.05708232603840355
37971, 0.09520486742258072, 0.012604070827364922, 0.34659814834594727, -0.04326680675148964, -0.010372969321906567, 0.007031247951090336, 131505.6875, 155857.625, 85648.3984375, 121595.7578125, 142503.15625, 103172.625, 0.0, 0.0, 0.0, 0.0, 0.0, 0.0, 0.0, 0.0, 1.0, 0.34629160165786743, 744.0, 0.0, 0.0, -0.7106994390487671, 0.3547341823577881, 0.5847883224487305, 0.05958086234165889
37991, 0.09496425837278366, 0.011663622222840786, 0.3467230796813965, -0.04102005809545517, -0.01191970519721508, 0.004623109474778175, 131501.828125, 155855.71875, 85651.1015625, 121590.4921875, 142504.140625, 103173.9375, 0.0, 0.0, 0.0, 0.0, 0.0, 0.0, 0.0, 0.0, 1.0, 0.35379481315612793, 738.0, 0.0, 0.0, -0.7109797596931458, 0.35434895753860474, 0.583810031414032, 0.056705952093050564
38011, 0.09233935922384262, 0.012278853915631771, 0.34680408239364624, -0.04281928762793541, -0.010589233599603176, 0.0033120564185082912, 131501.828125, 155857.625, 85656.7578125, 121593.5625, 142504.640625, 103174.5, 0.0, 0.0, 0.0, 0.0, 0.0, 0.0, 0.0, 0.0, 1.0, 0.35288044810295105, 738.0, 0.0, 0.0, -0.7111734747886658, 0.35449302196502686, 0.5828062295913696, 0.05737905682809028
38031, 0.09056727588176727, 0.012411956675350666, 0.34486261010169983, -0.04286603629589081, -0.01002566795796156, -0.007439729757606983, 131507.3125, 155855.71875, 85644.625, 121592.6796875, 142509.96875, 103180.6953125, 0.0, 0.0, 0.0, 0.0, 0.0, 0.0, 0.0, 0.0, 1.0, 0.3708791434764862, 738.0, 0.0, 0.0, -0.7117134928703308, 0.35430946946144104, 0.5817035436630249, 0.05907957192766446
38051, 0.08900455385446548, 0.010785702615976334, 0.344697505235672, -0.042463745921850204, -0.012551415711641312, -0.00823354721069336, 131503.453125, 155859.515625, 85650.28125, 121590.4921875, 142501.875, 103172.625, 0.0, 0.0, 0.0, 0.0, 0.0, 0.0, 0.0, 0.0, 1.0, 0.3862345814704895, 746.0, 0.0, 0.0, -0.7120761871337891, 0.35381951928138733, 0.5808213949203491, 0.059420717636832925
38071, 0.0879957526922226, 0.01139802299439907, 0.3455241620540619, -0.040738657116889954, -0.010679180733859539, -0.003689028322696686, 131511.421875, 155857.625, 85642.4765625, 121592.0234375, 142510.46875, 103173.9375, 0.0, 0.0, 0.0, 0.0, 0.0, 0.0, 0.0, 0.0, 1.0, 0.3862515389919281, 746.0, 0.0, 0.0, -0.7125113606452942, 0.35383549332618713, 0.5798377394676208, 0.058443617146294875
38091, 0.08720661699771881, 0.01118976529687643, 0.34543609619140625, -0.03816000744700432, -0.010180328972637653, -0.00515960156917572, 131505.0625, 155855.71875, 85648.3984375, 121595.7578125, 142514.515625, 103176.5625, 0.0, 0.0, 0.0, 0.0, 0.0, 0.0, 0.0, 0.0, 1.0, 0.39512765407562256, 746.0, 0.0, 0.0, -0.7129399180412292, 0.35361167788505554, 0.5789394378662109, 0.059697197556546684
38111, 0.08461900800466537, 0.009349768981337547, 0.3456087112426758, -0.038843799382448196, -0.01279482152312994, -0.003029376734048128, 131501.828125, 155855.71875, 85643.546875, 121589.8359375, 142503.640625, 103176.0, 0.0, 0.0, 0.0, 0.0, 0.0, 0.0, 0.0, 0.0, 1.0, 0.4341425597667694, 750.0, 0.0, 0.0, -0.7136600017547607, 0.3537012040615082, 0.5777000784873962, 0.0610676377591265
38131, 0.08462585508823395, 0.009751902893185616, 0.3455497920513153, -0.03467084839940071, -0.011272941716015339, -0.003562064841389656, 131501.203125, 155855.71875, 85646.25, 121594.21875, 142502.875, 103175.25, 0.0, 0.0, 0.0, 0.0, 0.0, 0.0, 0.0, 0.0, 1.0, 0.46392306685447693, 750.0, 0.0, 0.0, -0.7141633033752441, 0.35361260175704956, 0.5765561461448669, 0.061208414477758766
38152, 0.08203768730163574, 0.008982713334262371, 0.3448881506919861, -0.035105135291814804, -0.011624247767031193, -0.009295961819589138, 131502.453125, 155855.71875, 85641.6640625, 121588.296875, 142500.59375, 103173.1875, 0.0, 0.0, 0.0, 0.0, 0.0, 0.0, 0.0, 0.0, 1.0, 0.4944598972797394, 750.0, 0.0, 0.0, -0.7146548628807068, 0.35342833399772644, 0.5755593180656433, 0.060473429795736146
38171, 0.08187877386808395, 0.009186917915940285, 0.3447017967700958, -0.03087107464671135, -0.01004987396299839, -0.008895489387214184, 131499.59375, 155855.71875, 85649.2109375, 121590.4921875, 142502.375, 103173.9375, 0.0, 0.0, 0.0, 0.0, 0.0, 0.0, 0.0, 0.0, 1.0, 0.4973882734775543, 748.0, 0.0, 0.0, -0.7150888442993164, 0.3532482385635376, 0.5749393105506897, 0.06146555574371176
38191, 0.08027461171150208, 0.00970903504639864, 0.3445133566856384, -0.0294711384922266, -0.00798734463751316, -0.010546019300818443, 131501.828125, 155855.71875, 85634.9296875, 121586.984375, 142499.59375, 103176.0, 0.0, 0.0, 0.0, 0.0, 0.0, 0.0, 0.0, 0.0, 1.0, 0.5187267661094666, 748.0, 0.0, 0.0, -0.715700089931488, 0.3530542850494385, 0.5739356279373169, 0.06000403390014196
38211, 0.0797170102596283, 0.009557723999023438, 0.34408074617385864, -0.026013631373643875, -0.007084285374730825, -0.012084735557436943, 131499.59375, 155853.828125, 85634.109375, 121583.90625, 142507.203125, 103172.625, 0.0, 0.0, 0.0, 0.0, 0.0, 0.0, 0.0, 0.0, 1.0, 0.5313580632209778, 748.0, 0.0, 0.0, -0.7160953283309937, 0.3527064621448517, 0.5733194947242737, 0.05938003822471297
38231, 0.07610799372196198, 0.008356374688446522, 0.34384843707084656, -0.028405386954545975, -0.00824709888547659, -0.011514877900481224, 131502.453125, 155855.71875, 85638.703125, 121586.7578125, 142499.59375, 103178.0703125, 0.0, 0.0, 0.0, 0.0, 0.0, 0.0, 0.0, 0.0, 1.0, 0.5310593247413635, 757.0, 0.0, 0.0, -0.716748833656311, 0.3522312641143799, 0.5723012685775757, 0.05913765964661825
38251, 0.07385828346014023, 0.007194517180323601, 0.3437270522117615, -0.028404681012034416, -0.00919325090944767, -0.011047504842281342, 131500.59375, 155855.71875, 85634.9296875, 121590.4921875, 142510.96875, 103176.0, 0.0, 0.0, 0.0, 0.0, 0.0, 0.0, 0.0, 0.0, 1.0, 0.5083178877830505, 757.0, 0.0, 0.0, -0.7171853184700012, 0.3520083725452423, 0.5716832876205444, 0.05921322689058356
38272, 0.07335090637207031, 0.006628565490245819, 0.3435128629207611, -0.02524867095053196, -0.008984650485217571, -0.010569318197667599, 131497.34375, 155855.71875, 85634.109375, 121592.0234375, 142502.375, 103173.1875, 0.0, 0.0, 0.0, 0.0, 0.0, 0.0, 0.0, 0.0, 1.0, 0.49599123001098633, 770.0, 0.0, 0.0, -0.717747688293457, 0.3516187071800232, 0.5708255171775818, 0.05630430924212322
38291, 0.07394471764564514, 0.00589316850528121, 0.3439275324344635, -0.02026410773396492, -0.008932019583880901, -0.009354623034596443, 131500.21875, 155855.71875, 85630.3359375, 121591.3671875, 142500.09375, 103174.6875, 0.0, 0.0, 0.0, 0.0, 0.0, 0.0, 0.0, 0.0, 1.0, 0.4750033915042877, 770.0, 0.0, 0.0, -0.7184088826179504, 0.3516646921634674, 0.5698040723800659, 0.05473192521686411
38311, 0.0746462345123291, 0.004784213844686747, 0.3437510132789612, -0.015403916127979755, -0.009520923718810081, -0.008175788447260857, 131505.6875, 155855.71875, 85634.9296875, 121594.875, 142499.59375, 103173.1875, 0.0, 0.0, 0.0, 0.0, 0.0, 0.0, 0.0, 0.0, 1.0, 0.47391948103904724, 770.0, 0.0, 0.0, -0.7191139459609985, 0.3514317274093628, 0.5687841773033142, 0.06016826883819163
38331, 0.0737752839922905, 0.0035646515898406506, 0.34358182549476624, -0.01415555365383625, -0.010489508509635925, -0.008708426728844643, 131500.21875, 155855.71875, 85641.6640625, 121592.0234375, 142509.96875, 103174.6875, 0.0, 0.0, 0.0, 0.0, 0.0, 0.0, 0.0, 0.0, 1.0, 0.464292049407959, 781.0, 0.0, 0.0, -0.7198876142501831, 0.3510410487651825, 0.567760169506073, 0.056853467076870834
38352, 0.07163406163454056, 0.0027486723847687244, 0.3409183621406555, -0.01579362526535988, -0.010793094523251057, -0.020803509280085564, 131495.109375, 155853.828125, 85627.3828125, 121594.21875, 142500.09375, 103172.625, 0.0, 0.0, 0.0, 0.0, 0.0, 0.0, 0.0, 0.0, 1.0, 0.44967448711395264, 781.0, 0.0, 0.0, -0.7209576368331909, 0.3509390354156494, 0.5666226148605347, 0.058338060051918314
38371, 0.07323310524225235, 0.0023132835049182177, 0.34052959084510803, -0.010803792625665665, -0.010155259631574154, -0.017655188217759132, 131504.6875, 155853.828125, 85633.0390625, 121591.1484375, 142510.46875, 103174.6875, 0.0, 0.0, 0.0, 0.0, 0.0, 0.0, 0.0, 0.0, 1.0, 0.44257164001464844, 781.0, 0.0, 0.0, -0.7213374376296997, 0.350655198097229, 0.565864622592926, 0.058375223730727496
38391, 0.07088713347911835, 0.0002305547968717292, 0.34090456366539, -0.013195730745792389, -0.012435266748070717, -0.01295141689479351, 131507.3125, 155853.828125, 85620.90625, 121588.296875, 142508.1875, 103178.0703125, 0.0, 0.0, 0.0, 0.0, 0.0, 0.0, 0.0, 0.0, 1.0, 0.4388972520828247, 773.0, 0.0, 0.0, -0.7222647666931152, 0.3502468764781952, 0.5649167895317078, 0.05944304189881399
38411, 0.06913740187883377, 0.0004367993969935924, 0.34063249826431274, -0.014712350443005562, -0.010637093335390091, -0.012560051865875721, 131493.484375, 155853.828125, 85623.6015625, 121581.71875, 142497.828125, 103165.6796875, 0.0, 0.0, 0.0, 0.0, 0.0, 0.0, 0.0, 0.0, 1.0, 0.42294278740882874, 773.0, 0.0, 0.0, -0.7228221297264099, 0.350023478269577, 0.5640560388565063, 0.05898181790767609
38431, 0.0687563344836235, -0.001957027008756995, 0.3406047523021698, -0.013743625022470951, -0.013639960438013077, -0.009761003777384758, 131500.21875, 155853.828125, 85627.3828125, 121587.4140625, 142500.09375, 103172.625, 0.0, 0.0, 0.0, 0.0, 0.0, 0.0, 0.0, 0.0, 1.0, 0.419657826423645, 773.0, 0.0, 0.0, -0.7237197160720825, 0.3496914803981781, 0.5630902647972107, 0.0545561417966646
38451, 0.06849197298288345, -0.0022171158343553543, 0.34040915966033936, -0.012686038389801979, -0.01235914509743452, -0.008863294497132301, 131502.828125, 155853.828125, 85623.6015625, 121588.296875, 142510.96875, 103174.6875, 0.0, 0.0, 0.0, 0.0, 0.0, 0.0, 0.0, 0.0, 1.0, 0.4186024069786072, 770.0, 0.0, 0.0, -0.7242221832275391, 0.3493368625640869, 0.5621731281280518, 0.05617334289748143
38471, 0.06519964337348938, -0.006063943728804588, 0.34050923585891724, -0.01760495826601982, -0.01780998706817627, -0.006554894149303436, 131495.109375, 155853.828125, 85622.53125, 121592.6796875, 142496.546875, 103173.375, 0.0, 0.0, 0.0, 0.0, 0.0, 0.0, 0.0, 0.0, 1.0, 0.41597989201545715, 770.0, 0.0, 0.0, -0.725351095199585, 0.3493395745754242, 0.5606111288070679, 0.059755074821948945
38491, 0.0628858283162117, -0.008014827035367489, 0.3403823673725128, -0.02089267410337925, -0.019466575235128403, -0.006072218995541334, 131501.203125, 155857.625, 85614.171875, 121589.8359375, 142506.421875, 103171.3125, 0.0, 0.0, 0.0, 0.0, 0.0, 0.0, 0.0, 0.0, 1.0, 0.4171539843082428, 770.0, 0.0, 0.0, -0.7263239622116089, 0.34911254048347473, 0.5594495534896851, 0.059503713887496104
38511, 0.05992765724658966, -0.010184994898736477, 0.34014323353767395, -0.02537047304213047, -0.02097630314528942, -0.007156183943152428, 131497.34375, 155853.828125, 85616.0546875, 121588.953125, 142508.1875, 103173.9375, 0.0, 0.0, 0.0, 0.0, 0.0, 0.0, 0.0, 0.0, 1.0, 0.4232965409755707, 779.0, 0.0, 0.0, -0.7270911335945129, 0.34872469305992126, 0.5583990812301636, 0.05709437822072336
38531, 0.058438532054424286, -0.011513778008520603, 0.33999642729759216, -0.027128983289003372, -0.020940536633133888, -0.007155296858400106, 131501.828125, 155855.71875, 85618.7578125, 121587.640625, 142498.328125, 103180.1328125, 0.0, 0.0, 0.0, 0.0, 0.0, 0.0, 0.0, 0.0, 1.0, 0.43233317136764526, 779.0, 0.0, 0.0, -0.7280282974243164, 0.3483700156211853, 0.5569899082183838, 0.05584001998421726
38551, 0.05700099840760231, -0.013491171412169933, 0.3398520052433014, -0.028579354286193848, -0.021994881331920624, -0.007150088436901569, 131492.859375, 155855.71875, 85609.578125, 121587.640625, 142497.328125, 103176.7578125, 0.0, 0.0, 0.0, 0.0, 0.0, 0.0, 0.0, 0.0, 1.0, 0.43050459027290344, 789.0, 0.0, 0.0, -0.7286176681518555, 0.34841716289520264, 0.5558848977088928, 0.056698046253049715
38571, 0.05325379967689514, -0.015951408073306084, 0.33979225158691406, -0.03419537842273712, -0.023979023098945618, -0.006862173322588205, 131507.9375, 155851.921875, 85610.3984375, 121594.21875, 142500.59375, 103172.625, 0.0, 0.0, 0.0, 0.0, 0.0, 0.0, 0.0, 0.0, 1.0, 0.4257097542285919, 789.0, 0.0, 0.0, -0.7295418977737427, 0.34794753789901733, 0.5543926954269409, 0.05929762117730039
38592, 0.051120467483997345, -0.016709795221686363, 0.3396717607975006, -0.036539893597364426, -0.0228510033339262, -0.005215830635279417, 131497.34375, 155853.828125, 85607.4375, 121592.6796875, 142501.875, 103176.0, 0.0, 0.0, 0.0, 0.0, 0.0, 0.0, 0.0, 0.0, 1.0, 0.4496671259403229, 789.0, 0.0, 0.0, -0.7303334474563599, 0.3479330539703369, 0.5530040264129639, 0.059566735352217036
38612, 0.04909443482756615, -0.018207715824246407, 0.34054750204086304, -0.03823648765683174, -0.022953514009714127, -0.0002107451146002859, 131496.34375, 155855.71875, 85600.703125, 121582.375, 142512.734375, 103171.3125, 0.0, 0.0, 0.0, 0.0, 0.0, 0.0, 0.0, 0.0, 1.0, 0.43740683794021606, 797.0, 0.0, 0.0, -0.7311639189720154, 0.3482457101345062, 0.5517328977584839, 0.05901290897985571
38631, 0.0486689954996109, -0.01975342258810997, 0.3405400514602661, -0.03610718995332718, -0.022799687460064888, -0.0003893832617904991, 131497.96875, 155853.828125, 85606.625, 121588.953125, 142504.140625, 103173.9375, 0.0, 0.0, 0.0, 0.0, 0.0, 0.0, 0.0, 0.0, 1.0, 0.40970608592033386, 797.0, 0.0, 0.0, -0.731773316860199, 0.3475424349308014, 0.550322949886322, 0.05761623020919898
38652, 0.04709256440401077, -0.020128993317484856, 0.3387187421321869, -0.03594386205077171, -0.020725131034851074, -0.009798863902688026, 131501.203125, 155855.71875, 85607.4375, 121583.90625, 142502.375, 103178.0703125, 0.0, 0.0, 0.0, 0.0, 0.0, 0.0, 0.0, 0.0, 1.0, 0.4130730628967285, 797.0, 0.0, 0.0, -0.732762336730957, 0.3470444679260254, 0.5488041639328003, 0.05821860620445204
38672, 0.04514331370592117, -0.021711738780140877, 0.33849015831947327, -0.0366484709084034, -0.02134343981742859, -0.012589165940880775, 131504.6875, 155853.828125, 85614.171875, 121583.90625, 142493.78125, 103176.0, 0.0, 0.0, 0.0, 0.0, 0.0, 0.0, 0.0, 0.0, 1.0, 0.4214152693748474, 794.0, 0.0, 0.0, -0.7333788871765137, 0.3469008505344391, 0.547766387462616, 0.05718856770613798
38692, 0.04328136146068573, -0.02296246960759163, 0.33814048767089844, -0.037254977971315384, -0.021213911473751068, -0.013555299490690231, 131499.59375, 155851.921875, 85607.4375, 121582.375, 142500.59375, 103173.375, 0.0, 0.0, 0.0, 0.0, 0.0, 0.0, 0.0, 0.0, 1.0, 0.38964495062828064, 794.0, 0.0, 0.0, -0.73390132188797, 0.3467034697532654, 0.5462090373039246, 0.05770457580412249
38711, 0.03809089958667755, -0.024627557024359703, 0.33785709738731384, -0.0444159209728241, -0.021628044545650482, -0.014001484960317612, 131499.59375, 155851.921875, 85612.0234375, 121579.5234375, 142497.828125, 103169.25, 0.0, 0.0, 0.0, 0.0, 0.0, 0.0, 0.0, 0.0, 1.0, 0.3619784414768219, 794.0, 0.0, 0.0, -0.734457790851593, 0.34623295068740845, 0.5449143052101135, 0.05589792267164954
38733, 0.0370178148150444, -0.025611191987991333, 0.3375850021839142, -0.04291606321930885, -0.020788922905921936, -0.013244157657027245, 131499.59375, 155853.828125, 85618.203125, 121589.8359375, 142504.640625, 103175.4453125, 0.0, 0.0, 0.0, 0.0, 0.0, 0.0, 0.0, 0.0, 1.0, 0.3361384868621826, 813.0, 0.0, 0.0, -0.7352150678634644, 0.34666624665260315, 0.5434902310371399, 0.05878421914033574
38752, 0.03561649098992348, -0.02473684959113598, 0.33580195903778076, -0.04170706868171692, -0.016516856849193573, -0.019126201048493385, 131501.828125, 155853.828125, 85600.703125, 121582.375, 142500.09375, 103180.1328125, 0.0, 0.0, 0.0, 0.0, 0.0, 0.0, 0.0, 0.0, 1.0, 0.3112080991268158, 813.0, 0.0, 0.0, -0.7357856631278992, 0.3465215861797333, 0.542266845703125, 0.057907645357522776
38771, 0.03303615748882294, -0.024962250143289566, 0.33541375398635864, -0.042732641100883484, -0.014738867990672588, -0.019547011703252792, 131498.34375, 155850.03125, 85601.7734375, 121592.0234375, 142505.921875, 103175.4453125, 0.0, 0.0, 0.0, 0.0, 0.0, 0.0, 0.0, 0.0, 1.0, 0.28316861391067505, 813.0, 0.0, 0.0, -0.7379857301712036, 0.3458438515663147, 0.5372945070266724, 0.055687172764856636
38791, 0.03316975757479668, -0.026885028928518295, 0.33496543765068054, -0.03818831965327263, -0.016230164095759392, -0.016122328117489815, 131497.34375, 155853.828125, 85596.9296875, 121581.71875, 142514.234375, 103180.890625, 0.0, 0.0, 0.0, 0.0, 0.0, 0.0, 0.0, 0.0, 1.0, 0.2851458787918091, 806.0, 0.0, 0.0, -0.7383419871330261, 0.34612929821014404, 0.536053478717804, 0.055376103853556125
38811, 0.030127055943012238, -0.027920402586460114, 0.33468151092529297, -0.040089450776576996, -0.015996083617210388, -0.01253325492143631, 131495.734375, 155851.921875, 85599.6328125, 121586.7578125, 142501.09375, 103176.7578125, 0.0, 0.0, 0.0, 0.0, 0.0, 0.0, 0.0, 0.0, 1.0, 0.2662598192691803, 806.0, 0.0, 0.0, -0.73887038230896, 0.3458254337310791, 0.5353391766548157, 0.055426112857126
38831, 0.027696888893842697, -0.02774021402001381, 0.3342837989330292, -0.04075554758310318, -0.013511329889297485, -0.008857040666043758, 131494.109375, 155851.921875, 85599.078125, 121583.90625, 142502.375, 103175.4453125, 0.0, 0.0, 0.0, 0.0, 0.0, 0.0, 0.0, 0.0, 1.0, 0.2627773880958557, 806.0, 0.0, 0.0, -0.7393844723701477, 0.34642162919044495, 0.5340982675552368, 0.05648099760164582
38851, 0.0246437955647707, -0.029539328068494797, 0.33413568139076233, -0.04270896315574646, -0.014794541522860527, -0.005486164707690477, 131495.734375, 155853.828125, 85593.15625, 121576.453125, 142506.421875, 103180.890625, 0.0, 0.0, 0.0, 0.0, 0.0, 0.0, 0.0, 0.0, 1.0, 0.24914130568504333, 826.0, 0.0, 0.0, -0.7398333549499512, 0.3466339111328125, 0.5331712961196899, 0.05691277218216039
38871, 0.023252466693520546, -0.030810372903943062, 0.33403509855270386, -0.04114174097776413, -0.015105560421943665, -0.002577613340690732, 131495.734375, 155850.03125, 85600.703125, 121586.7578125, 142500.09375, 103176.7578125, 0.0, 0.0, 0.0, 0.0, 0.0, 0.0, 0.0, 0.0, 1.0, 0.2302331179380417, 826.0, 0.0, 0.0, -0.7401105165481567, 0.3467806577682495, 0.5325505137443542, 0.05690135567938062
38891, 0.022189464420080185, -0.03233606368303299, 0.3340037167072296, -0.038948915898799896, -0.01598934642970562, -9.85031874733977e-05, 131501.828125, 155853.828125, 85595.046875, 121580.8359375, 142502.875, 103171.3125, 0.0, 0.0, 0.0, 0.0, 0.0, 0.0, 0.0, 0.0, 1.0, 0.21857276558876038, 837.0, 0.0, 0.0, -0.7408281564712524, 0.3466029763221741, 0.5315555930137634, 0.05763859926001742
38911, 0.020090769976377487, -0.03263917565345764, 0.33404088020324707, -0.03874955698847771, -0.01433482300490141, 0.003138986648991704, 131497.96875, 155850.03125, 85591.2734375, 121583.90625, 142500.09375, 103173.9375, 0.0, 0.0, 0.0, 0.0, 0.0, 0.0, 0.0, 0.0, 1.0, 0.20323237776756287, 837.0, 0.0, 0.0, -0.7412407398223877, 0.34699746966362, 0.5304303765296936, 0.05480016309693728
38932, 0.016229311004281044, -0.03371840715408325, 0.33495965600013733, -0.04177353158593178, -0.014217392541468143, 0.010434438474476337, 131502.453125, 155851.921875, 85597.7421875, 121577.328125, 142506.921875, 103174.6875, 0.0, 0.0, 0.0, 0.0, 0.0, 0.0, 0.0, 0.0, 1.0, 0.18503275513648987, 837.0, 0.0, 0.0, -0.7415841221809387, 0.3470331132411957, 0.5296249985694885, 0.05560297521525715
38951, 0.015782082453370094, -0.03432878479361534, 0.3351954519748688, -0.03762968257069588, -0.013358889147639275, 0.012778009288012981, 131502.453125, 155851.921875, 85590.453125, 121573.6015625, 142504.640625, 103171.3125, 0.0, 0.0, 0.0, 0.0, 0.0, 0.0, 0.0, 0.0, 1.0, 0.17419128119945526, 843.0, 0.0, 0.0, -0.7420725226402283, 0.34762680530548096, 0.5285579562187195, 0.054217923727799426
38972, 0.014613037928938866, -0.03560301288962364, 0.33658793568611145, -0.03479259833693504, -0.013964489102363586, 0.020154809579253197, 131502.453125, 155853.828125, 85595.3046875, 121585.4453125, 142497.828125, 103170.0, 0.0, 0.0, 0.0, 0.0, 0.0, 0.0, 0.0, 0.0, 1.0, 0.16686154901981354, 843.0, 0.0, 0.0, -0.7427091598510742, 0.34808486700057983, 0.527497410774231, 0.05542079240296166
38992, 0.012412562035024166, -0.03598923981189728, 0.3369763195514679, -0.034299641847610474, -0.01279604434967041, 0.019787628203630447, 131502.453125, 155851.921875, 85587.5, 121581.71875, 142502.875, 103176.7578125, 0.0, 0.0, 0.0, 0.0, 0.0, 0.0, 0.0, 0.0, 1.0, 0.15951889753341675, 843.0, 0.0, 0.0, -0.7431462407112122, 0.3481549024581909, 0.5266562700271606, 0.05530901216435742
39012, 0.012207773514091969, -0.03631395101547241, 0.336399108171463, -0.029633957892656326, -0.01147150993347168, 0.014136278070509434, 131498.59375, 155851.921875, 85598.8203125, 121576.453125, 142506.421875, 103180.890625, 0.0, 0.0, 0.0, 0.0, 0.0, 0.0, 0.0, 0.0, 1.0, 0.16392186284065247, 837.0, 0.0, 0.0, -0.7438129186630249, 0.3485836982727051, 0.5254807472229004, 0.05531818671581016
39031, 0.009803148917853832, -0.03723424673080444, 0.3366795480251312, -0.030210770666599274, -0.011392060667276382, 0.014026117511093616, 131501.203125, 155851.921875, 85593.15625, 121585.4453125, 142500.59375, 103180.890625, 0.0, 0.0, 0.0, 0.0, 0.0, 0.0, 0.0, 0.0, 1.0, 0.15446412563323975, 837.0, 0.0, 0.0, -0.7445757985115051, 0.3490517735481262, 0.5241135358810425, 0.056348103691943846
39052, 0.007323059719055891, -0.038210269063711166, 0.3373784124851227, -0.03134232386946678, -0.01145124714821577, 0.017329182475805283, 131505.6875, 155851.921875, 85593.15625, 121572.0625, 142504.640625, 103179.578125, 0.0, 0.0, 0.0, 0.0, 0.0, 0.0, 0.0, 0.0, 1.0, 0.1460234522819519, 837.0, 0.0, 0.0, -0.7450988292694092, 0.34920424222946167, 0.5230631232261658, 0.05777336089061001
39071, 0.0064058066345751286, -0.039081841707229614, 0.3377175033092499, -0.029325975105166435, -0.011359618045389652, 0.01625181920826435, 131499.59375, 155851.921875, 85588.5703125, 121577.328125, 142500.59375, 103180.1328125, 0.0, 0.0, 0.0, 0.0, 0.0, 0.0, 0.0, 0.0, 1.0, 0.1521819680929184, 829.0, 0.0, 0.0, -0.7457183003425598, 0.3496081829071045, 0.5219452977180481, 0.05724237886391544
39091, 0.00418696878477931, -0.04002854973077774, 0.3380105793476105, -0.030030332505702972, -0.011451483704149723, 0.01420541200786829, 131496.34375, 155851.921875, 85587.5, 121575.796875, 142505.140625, 103178.8203125, 0.0, 0.0, 0.0, 0.0, 0.0, 0.0, 0.0, 0.0, 1.0, 0.1275797337293625, 829.0, 0.0, 0.0, -0.7463136911392212, 0.34993258118629456, 0.5210977792739868, 0.055623162504591324
39111, 0.00319480849429965, -0.04047338664531708, 0.33868321776390076, -0.02802903763949871, -0.010630819015204906, 0.013767063617706299, 131491.859375, 155850.03125, 85584.5390625, 121573.6015625, 142501.09375, 103180.1328125, 0.0, 0.0, 0.0, 0.0, 0.0, 0.0, 0.0, 0.0, 1.0, 0.12955525517463684, 829.0, 0.0, 0.0, -0.7470102310180664, 0.3502853810787201, 0.5199331045150757, 0.05540242875749755
39131, 0.00048014786443673074, -0.04126541689038277, 0.338917076587677, -0.029898906126618385, -0.010895907878875732, 0.010239101946353912, 131497.34375, 155851.921875, 85585.8671875, 121584.5703125, 142500.59375, 103177.5078125, 0.0, 0.0, 0.0, 0.0, 0.0, 0.0, 0.0, 0.0, 1.0, 0.12662190198898315, 843.0, 0.0, 0.0, -0.7476480007171631, 0.35058295726776123, 0.5186828374862671, 0.05282302739138862
39151, -0.0011381416115909815, -0.04122611880302429, 0.3399158716201782, -0.02938278391957283, -0.009365292266011238, 0.009735212661325932, 131494.734375, 155850.03125, 85592.34375, 121577.984375, 142504.640625, 103180.890625, 0.0, 0.0, 0.0, 0.0, 0.0, 0.0, 0.0, 0.0, 1.0, 0.10858030617237091, 843.0, 0.0, 0.0, -0.7481832504272461, 0.3508848547935486, 0.5176712274551392, 0.053515016565267866
39171, -0.0017620536964386702, -0.042891521006822586, 0.3400783836841583, -0.02686484530568123, -0.011716688051819801, 0.007093566935509443, 131489.0, 155851.921875, 85587.5, 121577.984375, 142511.46875, 103178.8203125, 0.0, 0.0, 0.0, 0.0, 0.0, 0.0, 0.0, 0.0, 1.0, 0.11252102255821228, 837.0, 0.0, 0.0, -0.749047577381134, 0.35101115703582764, 0.5162442922592163, 0.054049427469931216
39191, -0.0022937150206416845, -0.04403316229581833, 0.3409525752067566, -0.02446098066866398, -0.013035007752478123, 0.009546143934130669, 131494.109375, 155851.921875, 85587.5, 121582.375, 142502.375, 103178.8203125, 0.0, 0.0, 0.0, 0.0, 0.0, 0.0, 0.0, 0.0, 1.0, 0.11853081732988358, 837.0, 0.0, 0.0, -0.7497116327285767, 0.3510020971298218, 0.5151184797286987, 0.056088387172929625
39211, -0.003522054525092244, -0.044034406542778015, 0.3411122262477875, -0.024012889713048935, -0.011952669359743595, 0.00704045919701457, 131493.484375, 155855.71875, 85584.796875, 121577.984375, 142504.140625, 103181.640625, 0.0, 0.0, 0.0, 0.0, 0.0, 0.0, 0.0, 0.0, 1.0, 0.1179717555642128, 837.0, 0.0, 0.0, -0.7502663135528564, 0.35104531049728394, 0.5144140124320984, 0.05566973718968999
39231, -0.005545573774725199, -0.04592820256948471, 0.34122607111930847, -0.025582168251276016, -0.015131203457713127, 0.004548444412648678, 131492.484375, 155850.03125, 85585.609375, 121583.25, 142492.0, 103187.8359375, 0.0, 0.0, 0.0, 0.0, 0.0, 0.0, 0.0, 0.0, 1.0, 0.14845824241638184, 860.0, 0.0, 0.0, -0.7510347366333008, 0.3508894741535187, 0.5134387016296387, 0.055948170162697014
39251, -0.0071459268219769, -0.04756295680999756, 0.3407513201236725, -0.02617010287940502, -0.017726033926010132, -0.0011193646350875497, 131491.859375, 155855.71875, 85581.8359375, 121580.1796875, 142505.140625, 103183.703125, 0.0, 0.0, 0.0, 0.0, 0.0, 0.0, 0.0, 0.0, 1.0, 0.16505202651023865, 860.0, 0.0, 0.0, -0.7515782713890076, 0.35115858912467957, 0.5126127600669861, 0.053648024372768645
39271, -0.008963367901742458, -0.047553591430187225, 0.3407151401042938, -0.02731003239750862, -0.016770869493484497, -0.0026677537243813276, 131499.21875, 155850.03125, 85581.8359375, 121575.1328125, 142496.046875, 103181.640625, 0.0, 0.0, 0.0, 0.0, 0.0, 0.0, 0.0, 0.0, 1.0, 0.17463240027427673, 860.0, 0.0, 0.0, -0.7524791955947876, 0.35121771693229675, 0.5114150643348694, 0.057331949979393934
39291, -0.00929858535528183, -0.048366885632276535, 0.3412138521671295, -0.025117676705121994, -0.017565663903951645, -0.001568423118442297, 131504.078125, 155851.921875, 85582.90625, 121579.5234375, 142511.46875, 103183.703125, 0.0, 0.0, 0.0, 0.0, 0.0, 0.0, 0.0, 0.0, 1.0, 0.220819890499115, 858.0, 0.0, 0.0, -0.7532265782356262, 0.3511315882205963, 0.5100575685501099, 0.05524094589689943
39311, -0.00953673105686903, -0.05000875145196915, 0.3411312401294708, -0.022862086072564125, -0.02010798640549183, -0.005548672750592232, 131497.34375, 155850.03125, 85579.953125, 121580.1796875, 142511.46875, 103184.4609375, 0.0, 0.0, 0.0, 0.0, 0.0, 0.0, 0.0, 0.0, 1.0, 0.2513793408870697, 858.0, 0.0, 0.0, -0.7539782524108887, 0.3509580194950104, 0.5093945860862732, 0.05774501387135913
39331, -0.01429694052785635, -0.05255455523729324, 0.3405480980873108, -0.03089081682264805, -0.02426978014409542, -0.010887417010962963, 131498.59375, 155850.03125, 85582.65625, 121577.984375, 142498.328125, 103185.7734375, 0.0, 0.0, 0.0, 0.0, 0.0, 0.0, 0.0, 0.0, 1.0, 0.25793352723121643, 858.0, 0.0, 0.0, -0.7547487616539001, 0.35096821188926697, 0.5084253549575806, 0.05740789437200662
39351, -0.010825112462043762, -0.05388950929045677, 0.3403101861476898, -0.020321471616625786, -0.025658145546913147, -0.012904237024486065, 131497.59375, 155855.71875, 85578.0625, 121591.1484375, 142511.96875, 103183.703125, 0.0, 0.0, 0.0, 0.0, 0.0, 0.0, 0.0, 0.0, 1.0, 0.2868264317512512, 851.0, 0.0, 0.0, -0.7556949853897095, 0.35059261322021484, 0.5075433850288391, 0.05897065086090283
39372, -0.01595395989716053, -0.05681932345032692, 0.33997100591659546, -0.029727930203080177, -0.030649950727820396, -0.014099019579589367, 131500.21875, 155855.71875, 85578.8828125, 121577.984375, 142501.59375, 103183.703125, 0.0, 0.0, 0.0, 0.0, 0.0, 0.0, 0.0, 0.0, 1.0, 0.345556378364563, 851.0, 0.0, 0.0, -0.7563955783843994, 0.35007840394973755, 0.5063474178314209, 0.06107807122222223
39391, -0.016373826190829277, -0.05819019675254822, 0.33967581391334534, -0.02804224193096161, -0.03152438998222351, -0.015539956279098988, 131499.59375, 155850.03125, 85575.359375, 121575.796875, 142503.375, 103192.71875, 0.0, 0.0, 0.0, 0.0, 0.0, 0.0, 0.0, 0.0, 1.0, 0.4098721146583557, 851.0, 0.0, 0.0, -0.7571921944618225, 0.34963923692703247, 0.5052052140235901, 0.058139619210390396
39412, -0.017347224056720734, -0.058935798704624176, 0.3388034999370575, -0.02775145135819912, -0.03069588728249073, -0.02025163173675537, 131497.96875, 155850.03125, 85575.109375, 121575.1328125, 142502.375, 103189.34375, 0.0, 0.0, 0.0, 0.0, 0.0, 0.0, 0.0, 0.0, 1.0, 0.47643154859542847, 855.0, 0.0, 0.0, -0.7579714059829712, 0.3498138189315796, 0.5043871402740479, 0.05935392008508652
39431, -0.019251475110650063, -0.06118041276931763, 0.3383987545967102, -0.029721608385443687, -0.03296869620680809, -0.02033177763223648, 131500.21875, 155850.03125, 85569.4453125, 121572.0625, 142501.09375, 103185.7734375, 0.0, 0.0, 0.0, 0.0, 0.0, 0.0, 0.0, 0.0, 1.0, 0.4974617660045624, 855.0, 0.0, 0.0, -0.7587459683418274, 0.3492968678474426, 0.5034905672073364, 0.05872880143946925
39451, -0.020315269008278847, -0.060978539288043976, 0.33800435066223145, -0.02979242242872715, -0.02957361936569214, -0.019352056086063385, 131494.109375, 155850.03125, 85570.515625, 121569.8671875, 142505.140625, 103186.5234375, 0.0, 0.0, 0.0, 0.0, 0.0, 0.0, 0.0, 0.0, 1.0, 0.5483981966972351, 855.0, 0.0, 0.0, -0.7593763470649719, 0.34910765290260315, 0.5026397109031677, 0.0619850548997432
39472, -0.02104647271335125, -0.062344130128622055, 0.33726853132247925, -0.02896420657634735, -0.0295556653290987, -0.01986725814640522, 131503.078125, 155851.921875, 85570.515625, 121573.375, 142505.140625, 103183.1484375, 0.0, 0.0, 0.0, 0.0, 0.0, 0.0, 0.0, 0.0, 1.0, 0.5944268107414246, 862.0, 0.0, 0.0, -0.7601797580718994, 0.34891605377197266, 0.5016314387321472, 0.06430148960317063
39492, -0.02361045405268669, -0.06254950165748596, 0.3369032144546509, -0.03198741748929024, -0.026956701651215553, -0.0169783104211092, 131500.21875, 155850.03125, 85573.21875, 121577.984375, 142508.40625, 103186.5234375, 0.0, 0.0, 0.0, 0.0, 0.0, 0.0, 0.0, 0.0, 1.0, 0.6247425079345703, 862.0, 0.0, 0.0, -0.7609729766845703, 0.3489905297756195, 0.5004313588142395, 0.06492030008206441
39511, -0.023967253044247627, -0.06409561634063721, 0.3366740643978119, -0.0298480112105608, -0.027612635865807533, -0.01565524935722351, 131498.59375, 155850.03125, 85561.0859375, 121577.109375, 142505.140625, 103184.4609375, 0.0, 0.0, 0.0, 0.0, 0.0, 0.0, 0.0, 0.0, 1.0, 0.6549660563468933, 862.0, 0.0, 0.0, -0.761694610118866, 0.3483825623989105, 0.499375581741333, 0.06344764706263269
39532, -0.024807732552289963, -0.06524939090013504, 0.3363887071609497, -0.028664149343967438, -0.027209604158997536, -0.012597067281603813, 131497.96875, 155846.234375, 85566.7421875, 121583.03125, 142498.828125, 103185.7734375, 0.0, 0.0, 0.0, 0.0, 0.0, 0.0, 0.0, 0.0, 1.0, 0.6779804229736328, 862.0, 0.0, 0.0, -0.7624267339706421, 0.3482753038406372, 0.4984011948108673, 0.06396870584392457
39551, -0.027888327836990356, -0.06569463759660721, 0.33690643310546875, -0.032436322420835495, -0.025136882439255714, -0.006405365653336048, 131494.734375, 155848.125, 85568.6328125, 121586.7578125, 142505.140625, 103185.7734375, 0.0, 0.0, 0.0, 0.0, 0.0, 0.0, 0.0, 0.0, 1.0, 0.7090532183647156, 862.0, 0.0, 0.0, -0.7629377841949463, 0.3480530381202698, 0.4975878596305847, 0.06352115395015358
39571, -0.028517013415694237, -0.06617764383554459, 0.3367891311645508, -0.03044271469116211, -0.023169508203864098, -0.00600963830947876, 131486.765625, 155846.234375, 85568.375, 121573.375, 142507.921875, 103184.4609375, 0.0, 0.0, 0.0, 0.0, 0.0, 0.0, 0.0, 0.0, 1.0, 0.7167320251464844, 879.0, 0.0, 0.0, -0.763603925704956, 0.3478924632072449, 0.4964185655117035, 0.062276919550327776
39592, -0.030695302411913872, -0.067413829267025, 0.3366946578025818, -0.03198907896876335, -0.02311783842742443, -0.0032403948716819286, 131492.484375, 155851.921875, 85573.21875, 121578.8671875, 142502.875, 103183.703125, 0.0, 0.0, 0.0, 0.0, 0.0, 0.0, 0.0, 0.0, 1.0, 0.727540135383606, 879.0, 0.0, 0.0, -0.7642167210578918, 0.3481609523296356, 0.49549001455307007, 0.0644289731260977
39611, -0.03284715116024017, -0.0683564767241478, 0.33678877353668213, -0.03333961218595505, -0.022471511736512184, -0.00020926469005644321, 131498.59375, 155850.03125, 85569.4453125, 121574.9140625, 142501.09375, 103190.65625, 0.0, 0.0, 0.0, 0.0, 0.0, 0.0, 0.0, 0.0, 1.0, 0.7555894255638123, 879.0, 0.0, 0.0, -0.7646766304969788, 0.3482949137687683, 0.49477559328079224, 0.06402792621602857
39631, -0.03581022471189499, -0.07047611474990845, 0.33679163455963135, -0.036430008709430695, -0.024671034887433052, 0.0007516068289987743, 131497.96875, 155850.03125, 85562.71875, 121575.796875, 142505.140625, 103190.65625, 0.0, 0.0, 0.0, 0.0, 0.0, 0.0, 0.0, 0.0, 1.0, 0.7889360785484314, 866.0, 0.0, 0.0, -0.7652626037597656, 0.348345011472702, 0.4936951696872711, 0.06560741043558733
39651, -0.0350164920091629, -0.07091949880123138, 0.3373144865036011, -0.030626460909843445, -0.02302841655910015, 0.003864338854327798, 131490.25, 155850.03125, 85562.9765625, 121572.0625, 142507.921875, 103188.59375, 0.0, 0.0, 0.0, 0.0, 0.0, 0.0, 0.0, 0.0, 1.0, 0.817212700843811, 866.0, 0.0, 0.0, -0.7657984495162964, 0.3485754728317261, 0.4929288923740387, 0.06678864894019426
39671, -0.03662152215838432, -0.07057589292526245, 0.3374110162258148, -0.030263792723417282, -0.019724123179912567, 0.006472007371485233, 131488.0, 155851.921875, 85557.3125, 121577.328125, 142504.359375, 103190.65625, 0.0, 0.0, 0.0, 0.0, 0.0, 0.0, 0.0, 0.0, 1.0, 0.8347852826118469, 866.0, 0.0, 0.0, -0.7665035724639893, 0.3485012352466583, 0.4919114112854004, 0.0678906302955635
39691, -0.037130147218704224, -0.07123218476772308, 0.33774733543395996, -0.027107546105980873, -0.01860763505101204, 0.005724872462451458, 131494.109375, 155851.921875, 85563.7890625, 121577.984375, 142505.140625, 103187.8359375, 0.0, 0.0, 0.0, 0.0, 0.0, 0.0, 0.0, 0.0, 1.0, 0.8487160801887512, 875.0, 0.0, 0.0, -0.7668894529342651, 0.348340779542923, 0.49135658144950867, 0.06665957153586576
39711, -0.037664882838726044, -0.07160618156194687, 0.337849885225296, -0.02381446398794651, -0.01704324036836624, 0.004797872621566057, 131494.109375, 155848.125, 85550.5859375, 121587.640625, 142505.140625, 103194.7890625, 0.0, 0.0, 0.0, 0.0, 0.0, 0.0, 0.0, 0.0, 1.0, 0.8424206376075745, 875.0, 0.0, 0.0, -0.7673890590667725, 0.34844985604286194, 0.4904886484146118, 0.06682554970203534
39731, -0.038098614662885666, -0.07192248851060867, 0.3388061821460724, -0.020709605887532234, -0.01543129701167345, 0.010426762513816357, 131496.96875, 155850.03125, 85555.4296875, 121584.5703125, 142494.765625, 103195.5390625, 0.0, 0.0, 0.0, 0.0, 0.0, 0.0, 0.0, 0.0, 1.0, 0.8457772135734558, 875.0, 0.0, 0.0, -0.7679440379142761, 0.3485253155231476, 0.48963215947151184, 0.06481431166678636
39752, -0.03893619030714035, -0.07328592240810394, 0.33898958563804626, -0.01892128773033619, -0.016490139067173004, 0.008143649436533451, 131492.484375, 155846.234375, 85558.1328125, 121580.8359375, 142501.09375, 103194.7890625, 0.0, 0.0, 0.0, 0.0, 0.0, 0.0, 0.0, 0.0, 1.0, 0.8321754932403564, 882.0, 0.0, 0.0, -0.7683305740356445, 0.34833627939224243, 0.48916006088256836, 0.06492343119497215
39771, -0.039817046374082565, -0.0750952661037445, 0.3399004340171814, -0.017603963613510132, -0.018638532608747482, 0.013131912797689438, 131488.0, 155851.921875, 85554.359375, 121577.109375, 142503.859375, 103189.34375, 0.0, 0.0, 0.0, 0.0, 0.0, 0.0, 0.0, 0.0, 1.0, 0.8179733157157898, 882.0, 0.0, 0.0, -0.7688488960266113, 0.3483334481716156, 0.48861798644065857, 0.06572996975347266
39792, -0.04163309186697006, -0.07626175135374069, 0.3401359021663666, -0.01889532059431076, -0.01927245780825615, 0.01027205865830183, 131494.109375, 155850.03125, 85557.875, 121579.3046875, 142511.96875, 103194.7890625, 0.0, 0.0, 0.0, 0.0, 0.0, 0.0, 0.0, 0.0, 1.0, 0.8195008039474487, 890.0, 0.0, 0.0, -0.7693238258361816, 0.3482010066509247, 0.4881497323513031, 0.06645291685458812
39811, -0.04387512430548668, -0.07668769359588623, 0.34032121300697327, -0.02125002071261406, -0.018209954723715782, 0.00822814367711544, 131491.25, 155851.921875, 85553.2890625, 121578.640625, 142502.875, 103200.234375, 0.0, 0.0, 0.0, 0.0, 0.0, 0.0, 0.0, 0.0, 1.0, 0.825588583946228, 890.0, 0.0, 0.0, -0.7696552276611328, 0.348264217376709, 0.48777952790260315, 0.06632862331148992
39831, -0.043685123324394226, -0.07784208655357361, 0.3394598364830017, -0.018102968111634254, -0.018862415105104446, 0.0007757511339150369, 131496.34375, 155844.328125, 85554.359375, 121583.03125, 142507.921875, 103196.296875, 0.0, 0.0, 0.0, 0.0, 0.0, 0.0, 0.0, 0.0, 1.0, 0.843306839466095, 890.0, 0.0, 0.0, -0.7699776887893677, 0.3481733798980713, 0.48734623193740845, 0.06835670496598069
39851, -0.04371536150574684, -0.07856162637472153, 0.33942800760269165, -0.015479891560971737, -0.018188009038567543, -0.004084639251232147, 131496.34375, 155844.328125, 85555.4296875, 121578.640625, 142510.1875, 103196.8515625, 0.0, 0.0, 0.0, 0.0, 0.0, 0.0, 0.0, 0.0, 1.0, 0.8396342992782593, 879.0, 0.0, 0.0, -0.7702459096908569, 0.3478880524635315, 0.4870563745498657, 0.06805955042716436
39871, -0.044024690985679626, -0.07892291992902756, 0.33788353204727173, -0.013276037760078907, -0.01655959151685238, -0.013363790698349476, 131490.25, 155850.03125, 85551.3984375, 121581.4921875, 142514.734375, 103196.1015625, 0.0, 0.0, 0.0, 0.0, 0.0, 0.0, 0.0, 0.0, 1.0, 0.8128343224525452, 879.0, 0.0, 0.0, -0.7706862688064575, 0.3476394712924957, 0.48664596676826477, 0.06665451114879258
39891, -0.044463008642196655, -0.07807251811027527, 0.33757513761520386, -0.011460837908089161, -0.012284963391721249, -0.017678724601864815, 131496.96875, 155850.03125, 85554.359375, 121578.640625, 142508.90625, 103195.5390625, 0.0, 0.0, 0.0, 0.0, 0.0, 0.0, 0.0, 0.0, 1.0, 0.7708361744880676, 879.0, 0.0, 0.0, -0.7709280848503113, 0.3473702669143677, 0.4860933721065521, 0.06415420432714818
39911, -0.044816967099905014, -0.07900959998369217, 0.3374558389186859, -0.009560064412653446, -0.012400263920426369, -0.01825905777513981, 131490.875, 155848.125, 85548.6953125, 121583.6875, 142512.953125, 103195.5390625, 0.0, 0.0, 0.0, 0.0, 0.0, 0.0, 0.0, 0.0, 1.0, 0.7628939151763916, 879.0, 0.0, 0.0, -0.7712252736091614, 0.3468415141105652, 0.48596784472465515, 0.06451150148666487
39931, -0.044988155364990234, -0.07924210280179977, 0.33707836270332336, -0.007580598350614309, -0.01082924660295248, -0.01973685435950756, 131494.734375, 155850.03125, 85552.7265625, 121579.3046875, 142503.859375, 103203.046875, 0.0, 0.0, 0.0, 0.0, 0.0, 0.0, 0.0, 0.0, 1.0, 0.775393545627594, 879.0, 0.0, 0.0, -0.7715001702308655, 0.34622085094451904, 0.4857371151447296, 0.06650579380120594
39951, -0.045112643390893936, -0.07943559437990189, 0.33720704913139343, -0.005753026343882084, -0.009091516956686974, -0.019442304968833923, 131498.59375, 155848.125, 85555.4296875, 121584.5703125, 142509.6875, 103197.609375, 0.0, 0.0, 0.0, 0.0, 0.0, 0.0, 0.0, 0.0, 1.0, 0.7843788862228394, 879.0, 0.0, 0.0, -0.7717557549476624, 0.3458231985569, 0.4854965806007385, 0.0672648317385672
39971, -0.04521133378148079, -0.07959972321987152, 0.33682337403297424, -0.004105280619114637, -0.007311029825359583, -0.018496282398700714, 131496.34375, 155851.921875, 85550.5859375, 121577.109375, 142508.40625, 103200.984375, 0.0, 0.0, 0.0, 0.0, 0.0, 0.0, 0.0, 0.0, 1.0, 0.7841629981994629, 895.0, 0.0, 0.0, -0.7717897891998291, 0.3453984260559082, 0.48545849323272705, 0.06725225101537576
39991, -0.04563670605421066, -0.08090095221996307, 0.3364574909210205, -0.0034055726137012243, -0.008240928873419762, -0.018660686910152435, 131498.59375, 155846.234375, 85553.5390625, 121572.71875, 142505.640625, 103195.5390625, 0.0, 0.0, 0.0, 0.0, 0.0, 0.0, 0.0, 0.0, 1.0, 0.7828898429870605, 895.0, 0.0, 0.0, -0.7719100713729858, 0.34514784812927246, 0.48526787757873535, 0.06572274231655584
40011, -0.04570600762963295, -0.07976771891117096, 0.334157794713974, -0.002069072797894478, -0.003735785838216543, -0.028891008347272873, 131490.25, 155850.03125, 85549.515625, 121573.6015625, 142508.90625, 103198.1640625, 0.0, 0.0, 0.0, 0.0, 0.0, 0.0, 0.0, 0.0, 1.0, 0.7736539840698242, 895.0, 0.0, 0.0, -0.7720537185668945, 0.34457364678382874, 0.4852915406227112, 0.06686220393867773
40031, -0.0453064851462841, -0.08038223534822464, 0.3336026966571808, 0.00016427641094196588, -0.003385536139830947, -0.027102094143629074, 131491.859375, 155848.125, 85544.9296875, 121578.640625, 142505.640625, 103198.921875, 0.0, 0.0, 0.0, 0.0, 0.0, 0.0, 0.0, 0.0, 1.0, 0.763310432434082, 893.0, 0.0, 0.0, -0.7721416354179382, 0.3440101742744446, 0.4853129982948303, 0.06620100374331869
40051, -0.04529004544019699, -0.08043360710144043, 0.33324113488197327, 0.001307034632191062, -0.001854889327660203, -0.02450632117688656, 131494.109375, 155850.03125, 85543.8515625, 121581.4921875, 142510.6875, 103199.671875, 0.0, 0.0, 0.0, 0.0, 0.0, 0.0, 0.0, 0.0, 1.0, 0.7648007869720459, 893.0, 0.0, 0.0, -0.7723016738891602, 0.3437608778476715, 0.4851747751235962, 0.06588779032120538
40071, -0.04566282406449318, -0.08165038377046585, 0.3327629566192627, 0.0014983891742303967, -0.0027413354255259037, -0.02280288375914097, 131496.34375, 155846.234375, 85546.8125, 121577.109375, 142505.640625, 103204.359375, 0.0, 0.0, 0.0, 0.0, 0.0, 0.0, 0.0, 0.0, 1.0, 0.7421679496765137, 909.0, 0.0, 0.0, -0.7722544074058533, 0.343286395072937, 0.48525798320770264, 0.06400560699548698
40091, -0.045619767159223557, -0.0816868469119072, 0.33253079652786255, 0.0026501696556806564, -0.0010712470393627882, -0.018191060051321983, 131498.59375, 155844.328125, 85546.8125, 121578.640625, 142503.375, 103200.984375, 0.0, 0.0, 0.0, 0.0, 0.0, 0.0, 0.0, 0.0, 1.0, 0.7309207320213318, 909.0, 0.0, 0.0, -0.7721956372261047, 0.34293434023857117, 0.4853695034980774, 0.06364284685933763
40111, -0.045556556433439255, -0.08169272541999817, 0.33218497037887573, 0.003661611583083868, 0.0004724231839645654, -0.01632850244641304, 131494.734375, 155850.03125, 85543.8515625, 121576.2265625, 142508.40625, 103202.296875, 0.0, 0.0, 0.0, 0.0, 0.0, 0.0, 0.0, 0.0, 1.0, 0.7018376588821411, 909.0, 0.0, 0.0, -0.7723522186279297, 0.34257349371910095, 0.485302597284317, 0.06334727477957912
40132, -0.044221069663763046, -0.08169806003570557, 0.3319222629070282, 0.007452147081494331, 0.00197434239089489, -0.014088704250752926, 131494.109375, 155848.125, 85546.8125, 121582.375, 142504.859375, 103198.1640625, 0.0, 0.0, 0.0, 0.0, 0.0, 0.0, 0.0, 0.0, 1.0, 0.6850298643112183, 912.0, 0.0, 0.0, -0.7722705602645874, 0.3422577977180481, 0.4853827953338623, 0.06254298130566216
40151, -0.04395928978919983, -0.08013556152582169, 0.3316689431667328, 0.008516998961567879, 0.006526805926114321, -0.010554338805377483, 131500.21875, 155848.125, 85548.6953125, 121581.4921875, 142508.40625, 103203.046875, 0.0, 0.0, 0.0, 0.0, 0.0, 0.0, 0.0, 0.0, 1.0, 0.6627783179283142, 912.0, 0.0, 0.0, -0.7722837328910828, 0.34203624725341797, 0.48552846908569336, 0.06195964473899177
40171, -0.04393148422241211, -0.07953645288944244, 0.33146223425865173, 0.00891122967004776, 0.008776322938501835, -0.010045933537185192, 131500.828125, 155850.03125, 85543.8515625, 121574.9140625, 142503.859375, 103200.984375, 0.0, 0.0, 0.0, 0.0, 0.0, 0.0, 0.0, 0.0, 1.0, 0.6311309337615967, 912.0, 0.0, 0.0, -0.7721128463745117, 0.3422202169895172, 0.48581865429878235, 0.06356678159977877
40191, -0.0410521999001503, -0.07955197244882584, 0.3319149613380432, 0.015264277346432209, 0.00933415349572897, -0.006834512576460838, 131497.59375, 155848.125, 85539.265625, 121579.3046875, 142504.359375, 103199.671875, 0.0, 0.0, 0.0, 0.0, 0.0, 0.0, 0.0, 0.0, 1.0, 0.6245459914207458, 888.0, 0.0, 0.0, -0.7720457911491394, 0.3419870138168335, 0.48575881123542786, 0.06415767680549242
40211, -0.043033938854932785, -0.07999739050865173, 0.33177435398101807, 0.011090719141066074, 0.00896553136408329, -0.006742601282894611, 131492.484375, 155844.328125, 85543.0390625, 121579.3046875, 142507.921875, 103199.671875, 0.0, 0.0, 0.0, 0.0, 0.0, 0.0, 0.0, 0.0, 1.0, 0.6079543232917786, 888.0, 0.0, 0.0, -0.7720803022384644, 0.34175875782966614, 0.48593172430992126, 0.062243104472063514
40231, -0.040506888180971146, -0.08039633929729462, 0.3321453034877777, 0.01660277508199215, 0.00874495878815651, -0.00584030756726861, 131498.59375, 155846.234375, 85536.3125, 121572.71875, 142499.3125, 103198.921875, 0.0, 0.0, 0.0, 0.0, 0.0, 0.0, 0.0, 0.0, 1.0, 0.5780081748962402, 888.0, 0.0, 0.0, -0.7718756198883057, 0.3419540524482727, 0.48620885610580444, 0.06349733491812903
40252, -0.04045139625668526, -0.07949990034103394, 0.3320480287075043, 0.01642042212188244, 0.010784163139760494, -0.0031510076951235533, 131498.59375, 155846.234375, 85533.609375, 121573.375, 142510.1875, 103196.296875, 0.0, 0.0, 0.0, 0.0, 0.0, 0.0, 0.0, 0.0, 1.0, 0.5655701756477356, 881.0, 0.0, 0.0, -0.771716833114624, 0.3417026698589325, 0.4863188564777374, 0.06288152419791508
40272, -0.03773605450987816, -0.07873149961233139, 0.3332734704017639, 0.021519092842936516, 0.012635764665901661, 0.005717234220355749, 131496.34375, 155848.125, 85539.265625, 121567.453125, 142508.90625, 103198.359375, 0.0, 0.0, 0.0, 0.0, 0.0, 0.0, 0.0, 0.0, 1.0, 0.5526077151298523, 881.0, 0.0, 0.0, -0.7716553807258606, 0.3417786657810211, 0.48633745312690735, 0.06175977724256572
40292, -0.038356292992830276, -0.0766863226890564, 0.3334050178527832, 0.019489655271172523, 0.01677919551730156, 0.008222135715186596, 131494.734375, 155846.234375, 85536.3125, 121574.2578125, 142502.09375, 103205.1171875, 0.0, 0.0, 0.0, 0.0, 0.0, 0.0, 0.0, 0.0, 1.0, 0.5193861126899719, 881.0, 0.0, 0.0, -0.7715148329734802, 0.34199264645576477, 0.486646831035614, 0.060909402179908645
40312, -0.03828198090195656, -0.07553268224000931, 0.3325868546962738, 0.018830524757504463, 0.018517717719078064, 0.00731265963986516, 131501.453125, 155846.234375, 85534.6796875, 121583.6875, 142508.40625, 103203.046875, 0.0, 0.0, 0.0, 0.0, 0.0, 0.0, 0.0, 0.0, 1.0, 0.49702996015548706, 878.0, 0.0, 0.0, -0.7714304327964783, 0.34210702776908875, 0.48687928915023804, 0.05972217500781646
40332, -0.03869705647230148, -0.07548099011182785, 0.33273831009864807, 0.01693549193441868, 0.017596237361431122, 0.007605603896081448, 131493.109375, 155848.125, 85541.96875, 121577.765625, 142508.40625, 103203.046875, 0.0, 0.0, 0.0, 0.0, 0.0, 0.0, 0.0, 0.0, 1.0, 0.4884401261806488, 878.0, 0.0, 0.0, -0.7711769938468933, 0.3424777090549469, 0.48707085847854614, 0.0579938398231626
40351, -0.0384848527610302, -0.07494661211967468, 0.33291295170783997, 0.016193782910704613, 0.01739753596484661, 0.009982610121369362, 131504.3125, 155846.234375, 85539.265625, 121580.6171875, 142508.90625, 103203.8046875, 0.0, 0.0, 0.0, 0.0, 0.0, 0.0, 0.0, 0.0, 1.0, 0.48075851798057556, 892.0, 0.0, 0.0, -0.771108090877533, 0.342746376991272, 0.4872588515281677, 0.056263400305738856
40371, -0.03699275851249695, -0.07784503698348999, 0.3322940766811371, 0.018081730231642723, 0.01035411935299635, 0.008996259421110153, 131493.109375, 155844.328125, 85538.1953125, 121585.8828125, 142508.40625, 103200.421875, 0.0, 0.0, 0.0, 0.0, 0.0, 0.0, 0.0, 0.0, 1.0, 0.4435127079486847, 892.0, 0.0, 0.0, -0.7711237072944641, 0.3433615565299988, 0.487697035074234, 0.06074138277944403
40391, -0.03826938942074776, -0.07762499153614044, 0.3324772119522095, 0.014149969443678856, 0.009548044763505459, 0.009416447952389717, 131496.96875, 155844.328125, 85540.0859375, 121583.03125, 142506.140625, 103203.8046875, 0.0, 0.0, 0.0, 0.0, 0.0, 0.0, 0.0, 0.0, 1.0, 0.4291950464248657, 892.0, 0.0, 0.0, -0.7710753679275513, 0.34343940019607544, 0.48780709505081177, 0.05783256380902759
40411, -0.0380210354924202, -0.07597485184669495, 0.33248451352119446, 0.013291649520397186, 0.011549185030162334, 0.011568145826458931, 131497.96875, 155848.125, 85539.265625, 121583.03125, 142508.40625, 103207.9375, 0.0, 0.0, 0.0, 0.0, 0.0, 0.0, 0.0, 0.0, 1.0, 0.3978356420993805, 890.0, 0.0, 0.0, -0.7710829973220825, 0.3438560962677002, 0.48807451128959656, 0.05708096064074383
40431, -0.03776482865214348, -0.07575437426567078, 0.332728773355484, 0.012349692173302174, 0.010518120601773262, 0.012700731866061687, 131490.875, 155848.125, 85543.8515625, 121582.375, 142511.1875, 103206.625, 0.0, 0.0, 0.0, 0.0, 0.0, 0.0, 0.0, 0.0, 1.0, 0.36922818422317505, 890.0, 0.0, 0.0, -0.7710385918617249, 0.3442971706390381, 0.48848679661750793, 0.056692255933985476
40451, -0.03685678541660309, -0.07467252016067505, 0.3330269753932953, 0.01300087384879589, 0.011428194120526314, 0.01106378622353077, 131497.59375, 155848.125, 85535.5, 121583.6875, 142506.140625, 103205.1171875, 0.0, 0.0, 0.0, 0.0, 0.0, 0.0, 0.0, 0.0, 1.0, 0.33557426929473877, 890.0, 0.0, 0.0, -0.7710773944854736, 0.3446030616760254, 0.48869210481643677, 0.055574597112501865
40471, -0.03660391643643379, -0.07445426285266876, 0.3332599103450775, 0.01232865173369646, 0.010349947959184647, 0.012597829103469849, 131496.34375, 155848.125, 85528.765625, 121574.9140625, 142515.734375, 103210.0, 0.0, 0.0, 0.0, 0.0, 0.0, 0.0, 0.0, 0.0, 1.0, 0.2993776202201843, 921.0, 0.0, 0.0, -0.7711450457572937, 0.3449614346027374, 0.4888262152671814, 0.055754618505082044
40491, -0.03760337457060814, -0.07343633472919464, 0.33478522300720215, 0.009746776893734932, 0.011512424796819687, 0.02095748856663704, 131510.421875, 155848.125, 85540.0859375, 121585.8828125, 142514.234375, 103207.1796875, 0.0, 0.0, 0.0, 0.0, 0.0, 0.0, 0.0, 0.0, 1.0, 0.28224003314971924, 921.0, 0.0, 0.0, -0.7712779641151428, 0.3451715111732483, 0.4889553487300873, 0.055575111826173494
40511, -0.03722849115729332, -0.07381164282560349, 0.33540958166122437, 0.00880865752696991, 0.00845496729016304, 0.02118006907403469, 131493.109375, 155848.125, 85537.3828125, 121585.8828125, 142510.1875, 103207.9375, 0.0, 0.0, 0.0, 0.0, 0.0, 0.0, 0.0, 0.0, 1.0, 0.26779651641845703, 921.0, 0.0, 0.0, -0.7714874148368835, 0.345508337020874, 0.4891873896121979, 0.056340643960992566
40531, -0.03705985099077225, -0.07365328073501587, 0.3367513418197632, 0.008053244091570377, 0.007706077303737402, 0.02385641820728779, 131495.359375, 155846.234375, 85538.1953125, 121580.6171875, 142510.6875, 103204.5546875, 0.0, 0.0, 0.0, 0.0, 0.0, 0.0, 0.0, 0.0, 1.0, 0.2572833001613617, 903.0, 0.0, 0.0, -0.7715973854064941, 0.3456791639328003, 0.48936906456947327, 0.056925835057449616
40551, -0.03591135889291763, -0.07394249737262726, 0.3372015357017517, 0.009263169020414352, 0.005842129699885845, 0.021088264882564545, 131499.21875, 155846.234375, 85536.3125, 121574.2578125, 142517.5, 103208.4921875, 0.0, 0.0, 0.0, 0.0, 0.0, 0.0, 0.0, 0.0, 1.0, 0.23245437443256378, 903.0, 0.0, 0.0, -0.7717474699020386, 0.34581828117370605, 0.4894494414329529, 0.056970374370530534
40571, -0.03573459014296532, -0.0738365575671196, 0.3376125395298004, 0.008405872620642185, 0.004758978262543678, 0.019413631409406662, 131496.96875, 155846.234375, 85539.265625, 121592.4609375, 142508.40625, 103206.625, 0.0, 0.0, 0.0, 0.0, 0.0, 0.0, 0.0, 0.0, 1.0, 0.24026869237422943, 931.0, 0.0, 0.0, -0.7719424366950989, 0.3461657166481018, 0.4896661043167114, 0.05559518711749805
40593, -0.034652478992938995, -0.07372848689556122, 0.3363732695579529, 0.009308929555118084, 0.003724421374499798, 0.008202615194022655, 131501.453125, 155842.421875, 85534.421875, 121583.03125, 142511.1875, 103212.8203125, 0.0, 0.0, 0.0, 0.0, 0.0, 0.0, 0.0, 0.0, 1.0, 0.23484699428081512, 931.0, 0.0, 0.0, -0.7722857594490051, 0.3462677597999573, 0.489795058965683, 0.056462861329487586
40611, -0.03484909608960152, -0.07626993954181671, 0.3364838659763336, 0.00757398409768939, -0.0024276655167341232, 0.0030807643197476864, 131497.59375, 155848.125, 85539.015625, 121577.765625, 142519.28125, 103212.0625, 0.0, 0.0, 0.0, 0.0, 0.0, 0.0, 0.0, 0.0, 1.0, 0.20062772929668427, 931.0, 0.0, 0.0, -0.7724558711051941, 0.34609320759773254, 0.4899805188179016, 0.05431036374125239
40631, -0.034708160907030106, -0.07632897049188614, 0.3367323875427246, 0.00659099081531167, -0.0033696708269417286, 0.0022702894639223814, 131498.59375, 155846.234375, 85530.3984375, 121577.765625, 142519.28125, 103210.75, 0.0, 0.0, 0.0, 0.0, 0.0, 0.0, 0.0, 0.0, 1.0, 0.21011081337928772, 902.0, 0.0, 0.0, -0.7728819847106934, 0.3462304472923279, 0.4900701642036438, 0.05470114790630712
40652, -0.03537461534142494, -0.07715696841478348, 0.3367699086666107, 0.004074619151651859, -0.005515762604773045, 0.001960222376510501, 131496.96875, 155850.03125, 85527.6953125, 121585.2265625, 142515.234375, 103208.6875, 0.0, 0.0, 0.0, 0.0, 0.0, 0.0, 0.0, 0.0, 1.0, 0.20856790244579315, 902.0, 0.0, 0.0, -0.7732051610946655, 0.3464539051055908, 0.4902312457561493, 0.05514882318533776
40672, -0.033254947513341904, -0.07939133048057556, 0.33648380637168884, 0.007044216617941856, -0.01008235290646553, 0.00012411538045853376, 131496.96875, 155846.234375, 85524.9921875, 121576.2265625, 142508.90625, 103210.0, 0.0, 0.0, 0.0, 0.0, 0.0, 0.0, 0.0, 0.0, 1.0, 0.20425359904766083, 902.0, 0.0, 0.0, -0.7735098600387573, 0.34649986028671265, 0.4904010593891144, 0.053973988741989755
40691, -0.03468795120716095, -0.07931744307279587, 0.33648258447647095, 0.0036641110200434923, -0.009856472723186016, -0.0003860654542222619, 131500.828125, 155848.125, 85533.3515625, 121583.03125, 142517.015625, 103210.0, 0.0, 0.0, 0.0, 0.0, 0.0, 0.0, 0.0, 0.0, 1.0, 0.20818045735359192, 907.0, 0.0, 0.0, -0.7738034725189209, 0.34645238518714905, 0.4905296564102173, 0.054221540167620534
40711, -0.03460113704204559, -0.07961994409561157, 0.33791354298591614, 0.0025368141941726208, -0.010313490405678749, 0.007676159963011742, 131495.96875, 155848.125, 85529.5859375, 121581.4921875, 142511.1875, 103212.8203125, 0.0, 0.0, 0.0, 0.0, 0.0, 0.0, 0.0, 0.0, 1.0, 0.2183016836643219, 907.0, 0.0, 0.0, -0.774307906627655, 0.3465237021446228, 0.49072617292404175, 0.055944821560219495
40731, -0.03501597419381142, -0.08054520189762115, 0.3379879891872406, 0.001394712133333087, -0.011968602426350117, 0.0072530037723481655, 131493.734375, 155844.328125, 85529.5859375, 121582.8046875, 142513.453125, 103210.75, 0.0, 0.0, 0.0, 0.0, 0.0, 0.0, 0.0, 0.0, 1.0, 0.22632291913032532, 907.0, 0.0, 0.0, -0.7747660279273987, 0.34653106331825256, 0.4909083843231201, 0.0560951116263713
40751, -0.03493703156709671, -0.08246448636054993, 0.3381955027580261, 0.0007394879939965904, -0.014725382439792156, 0.00553768640384078, 131501.453125, 155846.234375, 85524.7421875, 121577.109375, 142517.5, 103206.625, 0.0, 0.0, 0.0, 0.0, 0.0, 0.0, 0.0, 0.0, 1.0, 0.2209322154521942, 894.0, 0.0, 0.0, -0.7750698924064636, 0.3465879261493683, 0.4912460744380951, 0.05648113843187013
40771, -0.03493290767073631, -0.0826096162199974, 0.3389703333377838, 0.0005148918135091662, -0.014578942209482193, 0.00662469957023859, 131499.21875, 155846.234375, 85524.9921875, 121582.1484375, 142512.953125, 103209.4375, 0.0, 0.0, 0.0, 0.0, 0.0, 0.0, 0.0, 0.0, 1.0, 0.24131779372692108, 894.0, 0.0, 0.0, -0.7755076289176941, 0.3466665744781494, 0.4912140965461731, 0.054219700177258134
40791, -0.035517893731594086, -0.08367924392223358, 0.33906465768814087, -0.0010166781721636653, -0.015680333599448204, 0.003711050609126687, 131495.359375, 155846.234375, 85515.5703125, 121583.03125, 142511.6875, 103210.0, 0.0, 0.0, 0.0, 0.0, 0.0, 0.0, 0.0, 0.0, 1.0, 0.2275909036397934, 894.0, 0.0, 0.0, -0.7759295701980591, 0.3464699685573578, 0.49147161841392517, 0.0534472147678392
40811, -0.036328718066215515, -0.0874878317117691, 0.3386666774749756, -0.003277568146586418, -0.020854363217949867, -0.0015639301855117083, 131499.84375, 155846.234375, 85513.6796875, 121576.2265625, 142504.859375, 103216.7578125, 0.0, 0.0, 0.0, 0.0, 0.0, 0.0, 0.0, 0.0, 1.0, 0.22821466624736786, 913.0, 0.0, 0.0, -0.7762441039085388, 0.34677064418792725, 0.4916103184223175, 0.05383808325802591
40832, -0.03723821043968201, -0.09042256325483322, 0.3386284410953522, -0.005389537662267685, -0.024780534207820892, -0.0030029965564608574, 131503.703125, 155844.328125, 85522.0390625, 121581.4921875, 142512.953125, 103214.1328125, 0.0, 0.0, 0.0, 0.0, 0.0, 0.0, 0.0, 0.0, 1.0, 0.21926040947437286, 913.0, 0.0, 0.0, -0.7765932679176331, 0.3466973304748535, 0.4917144775390625, 0.05222528640674348
40851, -0.03735024482011795, -0.090904101729393, 0.33911991119384766, -0.005677118897438049, -0.023812610656023026, -0.0007267485489137471, 131504.3125, 155846.234375, 85519.3359375, 121576.2265625, 142515.234375, 103208.125, 0.0, 0.0, 0.0, 0.0, 0.0, 0.0, 0.0, 0.0, 1.0, 0.21819180250167847, 913.0, 0.0, 0.0, -0.7769017219543457, 0.34646257758140564, 0.49181410670280457, 0.05216346050379535
40871, -0.03740720450878143, -0.0911395400762558, 0.3391149044036865, -0.005714755970984697, -0.023275572806596756, -0.00027687023975886405, 131503.703125, 155846.234375, 85515.5703125, 121588.0703125, 142517.015625, 103214.8828125, 0.0, 0.0, 0.0, 0.0, 0.0, 0.0, 0.0, 0.0, 1.0, 0.21369925141334534, 920.0, 0.0, 0.0, -0.7771042585372925, 0.3463951647281647, 0.49194902181625366, 0.05049237201454621
40892, -0.037543896585702896, -0.09195003658533096, 0.3390871584415436, -0.005517515353858471, -0.022800767794251442, -0.0025276171509176493, 131496.96875, 155846.234375, 85514.75, 121581.4921875, 142517.5, 103203.2421875, 0.0, 0.0, 0.0, 0.0, 0.0, 0.0, 0.0, 0.0, 1.0, 0.18588605523109436, 920.0, 0.0, 0.0, -0.777446448802948, 0.34614741802215576, 0.4920768141746521, 0.05217804250470341
40912, -0.03720289468765259, -0.09434010088443756, 0.33729222416877747, -0.004172150976955891, -0.025080954656004906, -0.014555266126990318, 131505.3125, 155846.234375, 85523.109375, 121579.3046875, 142508.40625, 103216.1953125, 0.0, 0.0, 0.0, 0.0, 0.0, 0.0, 0.0, 0.0, 1.0, 0.16765569150447845, 897.0, 0.0, 0.0, -0.7775874137878418, 0.34609612822532654, 0.49227601289749146, 0.051869337221055856
40932, -0.03732118383049965, -0.09230782091617584, 0.33700141310691833, -0.0038394061848521233, -0.01855279877781868, -0.014420704916119576, 131499.84375, 155848.125, 85514.5, 121571.1875, 142516.234375, 103213.3828125, 0.0, 0.0, 0.0, 0.0, 0.0, 0.0, 0.0, 0.0, 1.0, 0.1591595858335495, 897.0, 0.0, 0.0, -0.7777009010314941, 0.3458061218261719, 0.49241334199905396, 0.05147971752268067
40951, -0.03792734071612358, -0.09387996047735214, 0.335549533367157, -0.004651636816561222, -0.01882324181497097, -0.021382421255111694, 131489.25, 155846.234375, 85518.265625, 121583.6875, 142512.46875, 103212.0625, 0.0, 0.0, 0.0, 0.0, 0.0, 0.0, 0.0, 0.0, 1.0, 0.13777421414852142, 897.0, 0.0, 0.0, -0.7778070569038391, 0.34548690915107727, 0.4926752746105194, 0.050224811543605384
40971, -0.038020096719264984, -0.09423743188381195, 0.3351300060749054, -0.004581536166369915, -0.016881827265024185, -0.02044597640633583, 131499.21875, 155844.328125, 85514.75, 121582.8046875, 142509.40625, 103210.75, 0.0, 0.0, 0.0, 0.0, 0.0, 0.0, 0.0, 0.0, 1.0, 0.10036290436983109, 894.0, 0.0, 0.0, -0.7778730988502502, 0.34527283906936646, 0.4928569197654724, 0.049347685937522645
40992, -0.0387982502579689, -0.09475577622652054, 0.33473435044288635, -0.00535947410389781, -0.015003204345703125, -0.022507846355438232, 131493.734375, 155846.234375, 85515.5703125, 121584.34375, 142511.1875, 103219.015625, 0.0, 0.0, 0.0, 0.0, 0.0, 0.0, 0.0, 0.0, 1.0, 0.0725201666355133, 894.0, 0.0, 0.0, -0.7778396010398865, 0.3450903296470642, 0.4931842088699341, 0.04986789452856273
41012, -0.03947900980710983, -0.09512197226285934, 0.33429354429244995, -0.005476637277752161, -0.013067932799458504, -0.02149847149848938, 131497.59375, 155842.421875, 85511.796875, 121579.3046875, 142517.015625, 103218.265625, 0.0, 0.0, 0.0, 0.0, 0.0, 0.0, 0.0, 0.0, 1.0, 0.029419714584946632, 894.0, 0.0, 0.0, -0.7778814435005188, 0.3447064757347107, 0.4934229552745819, 0.04866420426256646
41033, -0.03790571913123131, -0.09435222297906876, 0.33324897289276123, -0.00027329500881023705, -0.008282823488116264, -0.025277329608798027, 131493.109375, 155844.328125, 85513.6796875, 121571.1875, 142512.953125, 103216.953125, 0.0, 0.0, 0.0, 0.0, 0.0, 0.0, 0.0, 0.0, 1.0, 0.006487813778221607, 900.0, 0.0, 0.0, -0.7779091000556946, 0.344204306602478, 0.4936668276786804, 0.04915089071187506
41052, -0.037904590368270874, -0.09443037211894989, 0.3330009877681732, 0.0004987343563698232, -0.007347372360527515, -0.024317245930433273, 131499.21875, 155844.328125, 85515.3125, 121579.9609375, 142509.40625, 103214.8828125, 0.0, 0.0, 0.0, 0.0, 0.0, 0.0, 0.0, 0.0, 1.0, -0.029349785298109055, 900.0, 0.0, 0.0, -0.7777502536773682, 0.34425482153892517, 0.49401915073394775, 0.04919320529503237
41071, -0.03788060322403908, -0.09455808252096176, 0.3325197398662567, 0.0019135966431349516, -0.005418915767222643, -0.023872559890151024, 131490.25, 155846.234375, 85523.109375, 121577.765625, 142511.1875, 103216.953125, 0.0, 0.0, 0.0, 0.0, 0.0, 0.0, 0.0, 0.0, 1.0, -0.08199966698884964, 900.0, 0.0, 0.0, -0.7776044011116028, 0.3441478908061981, 0.49451592564582825, 0.04957581938775147
41093, -0.03812311217188835, -0.09358280897140503, 0.33193182945251465, 0.0028277405072003603, -0.0016867235535755754, -0.022618813440203667, 131495.96875, 155844.328125, 85522.0390625, 121573.375, 142508.90625, 103213.5703125, 0.0, 0.0, 0.0, 0.0, 0.0, 0.0, 0.0, 0.0, 1.0, -0.1449493169784546, 910.0, 0.0, 0.0, -0.7772806882858276, 0.34381428360939026, 0.49507901072502136, 0.0489150950696576
41111, -0.037514764815568924, -0.09476716816425323, 0.3314945101737976, 0.0052957055158913136, -0.00233748578466475, -0.02132762409746647, 131499.21875, 155842.421875, 85519.3359375, 121577.765625, 142515.734375, 103223.1484375, 0.0, 0.0, 0.0, 0.0, 0.0, 0.0, 0.0, 0.0, 1.0, -0.17722372710704803, 910.0, 0.0, 0.0, -0.7771108746528625, 0.34379464387893677, 0.4954299330711365, 0.04847041241422621
41131, -0.03618013858795166, -0.09141948074102402, 0.33262357115745544, 0.009256872348487377, 0.005471676122397184, -0.011006485670804977, 131493.734375, 155848.125, 85515.3125, 121576.2265625, 142514.453125, 103216.953125, 0.0, 0.0, 0.0, 0.0, 0.0, 0.0, 0.0, 0.0, 1.0, -0.20892560482025146, 910.0, 0.0, 0.0, -0.7768732309341431, 0.34362369775772095, 0.49584853649139404, 0.0479795926175708
41151, -0.03597766160964966, -0.09129800647497177, 0.3324439227581024, 0.011019274592399597, 0.006674906704574823, -0.007141223642975092, 131493.734375, 155846.234375, 85512.609375, 121571.1875, 142513.953125, 103217.5078125, 0.0, 0.0, 0.0, 0.0, 0.0, 0.0, 0.0, 0.0, 1.0, -0.24144837260246277, 902.0, 0.0, 0.0, -0.7765958309173584, 0.34348011016845703, 0.4965209662914276, 0.047614124190105384
41171, -0.03440984711050987, -0.0897340476512909, 0.3317641019821167, 0.015385271981358528, 0.010506234131753445, -0.0077009485103189945, 131499.84375, 155846.234375, 85511.796875, 121576.8828125, 142508.90625, 103221.0859375, 0.0, 0.0, 0.0, 0.0, 0.0, 0.0, 0.0, 0.0, 1.0, -0.263455867767334, 902.0, 0.0, 0.0, -0.7764248847961426, 0.34317970275878906, 0.4970243573188782, 0.045588800925689656
41191, -0.03189687058329582, -0.08836835622787476, 0.3316325545310974, 0.02134551666676998, 0.013751290738582611, -0.005312437191605568, 131499.84375, 155844.328125, 85508.8359375, 121580.6171875, 142513.453125, 103219.015625, 0.0, 0.0, 0.0, 0.0, 0.0, 0.0, 0.0, 0.0, 1.0, -0.28995808959007263, 907.0, 0.0, 0.0, -0.7759348154067993, 0.3433542847633362, 0.4977305829524994, 0.0438392429405699
41211, -0.029696760699152946, -0.08874086290597916, 0.33171069622039795, 0.02624259702861309, 0.01349618285894394, -0.003933488391339779, 131489.25, 155844.328125, 85507.765625, 121579.3046875, 142509.90625, 103221.8359375, 0.0, 0.0, 0.0, 0.0, 0.0, 0.0, 0.0, 0.0, 1.0, -0.3262140154838562, 907.0, 0.0, 0.0, -0.7755621671676636, 0.3432174026966095, 0.4986675977706909, 0.0431984994040044
41231, -0.028406787663698196, -0.08682616800069809, 0.331635981798172, 0.028976794332265854, 0.01731961965560913, -0.0036690658889710903, 131495.359375, 155844.328125, 85510.7265625, 121568.109375, 142511.1875, 103221.0859375, 0.0, 0.0, 0.0, 0.0, 0.0, 0.0, 0.0, 0.0, 1.0, -0.36415523290634155, 907.0, 0.0, 0.0, -0.7752050757408142, 0.34335246682167053, 0.4996741712093353, 0.044877072370548686
41251, -0.023746393620967865, -0.08416790515184402, 0.3315732181072235, 0.03774143382906914, 0.02233939990401268, -0.002212593564763665, 131491.484375, 155844.328125, 85504.8125, 121577.765625, 142505.359375, 103219.015625, 0.0, 0.0, 0.0, 0.0, 0.0, 0.0, 0.0, 0.0, 1.0, -0.37958672642707825, 909.0, 0.0, 0.0, -0.7749372720718384, 0.3431743085384369, 0.5003916025161743, 0.04451378379280332
41271, -0.023387767374515533, -0.08492406457662582, 0.3326083719730377, 0.03789146617054939, 0.02059105969965458, 0.0063108233734965324, 131489.25, 155842.421875, 85505.0703125, 121575.5703125, 142509.40625, 103220.5234375, 0.0, 0.0, 0.0, 0.0, 0.0, 0.0, 0.0, 0.0, 1.0, -0.3926304876804352, 909.0, 0.0, 0.0, -0.7744565606117249, 0.3431447744369507, 0.5009904503822327, 0.04502720253441163
41291, -0.022127855569124222, -0.08341053873300552, 0.3327556550502777, 0.03944587707519531, 0.02282377891242504, 0.007619181647896767, 131488.625, 155844.328125, 85514.5, 121579.9609375, 142508.90625, 103221.0859375, 0.0, 0.0, 0.0, 0.0, 0.0, 0.0, 0.0, 0.0, 1.0, -0.40414202213287354, 909.0, 0.0, 0.0, -0.7741427421569824, 0.34334278106689453, 0.5016124844551086, 0.0459154696248142
41311, -0.020032642409205437, -0.08171575516462326, 0.33216434717178345, 0.04215216264128685, 0.02510952763259411, 0.004619045648723841, 131488.625, 155844.328125, 85506.6953125, 121569.6484375, 142505.359375, 103223.8984375, 0.0, 0.0, 0.0, 0.0, 0.0, 0.0, 0.0, 0.0, 1.0, -0.3978855013847351, 893.0, 0.0, 0.0, -0.7738797068595886, 0.34344685077667236, 0.5025052428245544, 0.044912838106184245
41332, -0.015281039290130138, -0.08275909721851349, 0.33224615454673767, 0.04952869564294815, 0.021829957142472267, 0.002838913816958666, 131493.109375, 155844.328125, 85513.6796875, 121578.421875, 142514.953125, 103219.7734375, 0.0, 0.0, 0.0, 0.0, 0.0, 0.0, 0.0, 0.0, 1.0, -0.404845654964447, 893.0, 0.0, 0.0, -0.7732187509536743, 0.3437087833881378, 0.5034458637237549, 0.040908692521854445
41353, -0.016141274943947792, -0.0808284804224968, 0.33263692259788513, 0.04462961107492447, 0.02329499088227749, 0.004970555659383535, 131493.109375, 155844.328125, 85510.7265625, 121582.8046875, 142515.734375, 103221.0859375, 0.0, 0.0, 0.0, 0.0, 0.0, 0.0, 0.0, 0.0, 1.0, -0.4080210328102112, 893.0, 0.0, 0.0, -0.7729591727256775, 0.343772292137146, 0.5040473937988281, 0.04333450583457306
41372, -0.015697119757533073, -0.08059738576412201, 0.33268168568611145, 0.04420250654220581, 0.02292361669242382, 0.0039825281128287315, 131490.875, 155844.328125, 85507.765625, 121587.1953125, 142520.28125, 103221.0859375, 0.0, 0.0, 0.0, 0.0, 0.0, 0.0, 0.0, 0.0, 1.0, -0.3895578384399414, 921.0, 0.0, 0.0, -0.7724820375442505, 0.3441934585571289, 0.5052343010902405, 0.043718185907469335
41392, -0.013896947726607323, -0.0792950838804245, 0.33324721455574036, 0.044728703796863556, 0.0237489752471447, 0.006205867510288954, 131493.734375, 155842.421875, 85500.2265625, 121577.109375, 142524.328125, 103223.1484375, 0.0, 0.0, 0.0, 0.0, 0.0, 0.0, 0.0, 0.0, 1.0, -0.38818836212158203, 921.0, 0.0, 0.0, -0.7720130681991577, 0.34417760372161865, 0.5062238574028015, 0.042474318189989924
41411, -0.011118317022919655, -0.07908748835325241, 0.33336716890335083, 0.046626608818769455, 0.02227644994854927, 0.006212769541889429, 131491.484375, 155844.328125, 85501.0390625, 121577.765625, 142515.234375, 103221.0859375, 0.0, 0.0, 0.0, 0.0, 0.0, 0.0, 0.0, 0.0, 1.0, -0.3760875463485718, 921.0, 0.0, 0.0, -0.7718060612678528, 0.3442094027996063, 0.5067883133888245, 0.04335084672163584
41432, -0.009465618059039116, -0.07880743592977524, 0.3340536057949066, 0.045968249440193176, 0.020777227357029915, 0.006776517257094383, 131495.359375, 155844.328125, 85504.0, 121574.6953125, 142520.78125, 103220.5234375, 0.0, 0.0, 0.0, 0.0, 0.0, 0.0, 0.0, 0.0, 1.0, -0.3544459342956543, 946.0, 0.0, 0.0, -0.7714961767196655, 0.34420347213745117, 0.5073652863502502, 0.04497216326641526
41451, -0.010129429399967194, -0.07892607152462006, 0.3341684937477112, 0.040709029883146286, 0.018672162666916847, 0.004636204801499844, 131493.734375, 155844.328125, 85502.109375, 121582.8046875, 142507.640625, 103228.03125, 0.0, 0.0, 0.0, 0.0, 0.0, 0.0, 0.0, 0.0, 1.0, -0.3370940685272217, 946.0, 0.0, 0.0, -0.771323561668396, 0.34401628375053406, 0.5079261660575867, 0.044100890872064105
41471, -0.007435987703502178, -0.07769370079040527, 0.33423328399658203, 0.0420365035533905, 0.01924845762550831, 0.0010701330611482263, 131495.96875, 155844.328125, 85506.140625, 121580.6171875, 142516.234375, 103226.71875, 0.0, 0.0, 0.0, 0.0, 0.0, 0.0, 0.0, 0.0, 1.0, -0.3154609501361847, 946.0, 0.0, 0.0, -0.7709781527519226, 0.34398043155670166, 0.508593738079071, 0.04464654794648414
41491, -0.0073793791234493256, -0.07673853635787964, 0.3337183892726898, 0.03810282424092293, 0.019237257540225983, -0.0025462640915066004, 131484.765625, 155846.234375, 85507.765625, 121578.421875, 142515.734375, 103232.1640625, 0.0, 0.0, 0.0, 0.0, 0.0, 0.0, 0.0, 0.0, 1.0, -0.29275980591773987, 922.0, 0.0, 0.0, -0.7707775831222534, 0.3438960015773773, 0.5090582370758057, 0.04371668206081635
41512, -0.003472893266007304, -0.07580453157424927, 0.3336446285247803, 0.041818391531705856, 0.019169680774211884, -0.005749094299972057, 131489.875, 155842.421875, 85504.0, 121583.6875, 142508.625, 103228.59375, 0.0, 0.0, 0.0, 0.0, 0.0, 0.0, 0.0, 0.0, 1.0, -0.28176769614219666, 922.0, 0.0, 0.0, -0.7705541849136353, 0.3437997102737427, 0.5095798373222351, 0.04483514184327706
41531, -0.0026577627286314964, -0.07542985677719116, 0.33246880769729614, 0.03926384821534157, 0.01798696629703045, -0.011948182247579098, 131491.484375, 155844.328125, 85503.1796875, 121587.1953125, 142514.453125, 103231.4140625, 0.0, 0.0, 0.0, 0.0, 0.0, 0.0, 0.0, 0.0, 1.0, -0.2874690592288971, 953.0, 0.0, 0.0, -0.7703021168708801, 0.34383660554885864, 0.5100164413452148, 0.044372654922966145
41553, -0.002126550069078803, -0.07608235627412796, 0.3322319984436035, 0.036106426268815994, 0.014831125736236572, -0.011816199868917465, 131496.59375, 155844.328125, 85506.953125, 121587.1953125, 142512.1875, 103220.5234375, 0.0, 0.0, 0.0, 0.0, 0.0, 0.0, 0.0, 0.0, 1.0, -0.29534676671028137, 953.0, 0.0, 0.0, -0.7700601816177368, 0.34366050362586975, 0.5104516744613647, 0.043105180946404274
41571, -0.002065482549369335, -0.07478316873311996, 0.3323989510536194, 0.03194672241806984, 0.015409709885716438, -0.009413459338247776, 131488.25, 155842.421875, 85498.34375, 121577.765625, 142514.453125, 103229.34375, 0.0, 0.0, 0.0, 0.0, 0.0, 0.0, 0.0, 0.0, 1.0, -0.2882516384124756, 953.0, 0.0, 0.0, -0.7699813842773438, 0.3436644375324249, 0.5106595158576965, 0.04523851580632234
41591, -0.001456390949897468, -0.07448901236057281, 0.3321983814239502, 0.02895161509513855, 0.014033984392881393, -0.010294356383383274, 131493.734375, 155846.234375, 85500.484375, 121582.1484375, 142519.0, 103225.96875, 0.0, 0.0, 0.0, 0.0, 0.0, 0.0, 0.0, 0.0, 1.0, -0.2755047678947449, 955.0, 0.0, 0.0, -0.7699437737464905, 0.3434048891067505, 0.5108829736709595, 0.04409659921337683
41611, -0.0009076071437448263, -0.0742202177643776, 0.33199435472488403, 0.025939175859093666, 0.012867553159594536, -0.010018606670200825, 131495.359375, 155840.53125, 85496.453125, 121579.078125, 142512.1875, 103227.28125, 0.0, 0.0, 0.0, 0.0, 0.0, 0.0, 0.0, 0.0, 1.0, -0.262301504611969, 955.0, 0.0, 0.0, -0.7698643207550049, 0.34332019090652466, 0.5111335515975952, 0.04516952335910693
41631, 0.0005039058160036802, -0.07396138459444046, 0.3318093419075012, 0.024720054119825363, 0.011741887778043747, -0.007257083430886269, 131495.359375, 155842.421875, 85494.5703125, 121579.078125, 142521.28125, 103228.59375, 0.0, 0.0, 0.0, 0.0, 0.0, 0.0, 0.0, 0.0, 1.0, -0.2633436918258667, 955.0, 0.0, 0.0, -0.7697468996047974, 0.34326186776161194, 0.5112044811248779, 0.04737290714148704
41651, 0.0009710824233479798, -0.07373649626970291, 0.3316631317138672, 0.022025441750884056, 0.010740485973656178, -0.006889756768941879, 131497.59375, 155840.53125, 85498.59375, 121585.0, 142516.734375, 103228.03125, 0.0, 0.0, 0.0, 0.0, 0.0, 0.0, 0.0, 0.0, 1.0, -0.25394394993782043, 939.0, 0.0, 0.0, -0.769618570804596, 0.34306344389915466, 0.5112503170967102, 0.04698192360613603
41671, 0.0013716587563976645, -0.07353931665420532, 0.3325059413909912, 0.019428763538599014, 0.009636650793254375, -0.0017367552500218153, 131495.359375, 155842.421875, 85502.9296875, 121582.8046875, 142513.953125, 103233.4765625, 0.0, 0.0, 0.0, 0.0, 0.0, 0.0, 0.0, 0.0, 1.0, -0.2694971561431885, 939.0, 0.0, 0.0, -0.7694822549819946, 0.3433085083961487, 0.5112625956535339, 0.0460773534550615
41691, -3.55315423803404e-05, -0.07328275591135025, 0.33244845271110535, 0.013613673858344555, 0.00871056318283081, -0.004021832719445229, 131495.96875, 155842.421875, 85495.3828125, 121580.6171875, 142518.5, 103225.2109375, 0.0, 0.0, 0.0, 0.0, 0.0, 0.0, 0.0, 0.0, 1.0, -0.2910742461681366, 939.0, 0.0, 0.0, -0.7694087624549866, 0.3431062400341034, 0.5113321542739868, 0.04258665723991533
41711, 0.00022345468460116535, -0.07311443239450455, 0.3317932188510895, 0.011466192081570625, 0.007719619665294886, -0.007329755928367376, 131492.109375, 155840.53125, 85496.453125, 121576.8828125, 142514.453125, 103226.71875, 0.0, 0.0, 0.0, 0.0, 0.0, 0.0, 0.0, 0.0, 1.0, -0.3064606487751007, 917.0, 0.0, 0.0, -0.7694801092147827, 0.34305229783058167, 0.5113353729248047, 0.044380459567395614
41731, 0.0004329941584728658, -0.07296999543905258, 0.33162206411361694, 0.009505989961326122, 0.006746327504515648, -0.010145105421543121, 131485.390625, 155840.53125, 85497.2734375, 121579.078125, 142513.453125, 103235.546875, 0.0, 0.0, 0.0, 0.0, 0.0, 0.0, 0.0, 0.0, 1.0, -0.31021052598953247, 917.0, 0.0, 0.0, -0.7694927453994751, 0.34302669763565063, 0.5111547708511353, 0.04612993109852772
41751, -0.002201913623139262, -0.07276193797588348, 0.33125922083854675, 0.002109299413859844, 0.006022848654538393, -0.01021233294159174, 131493.109375, 155844.328125, 85498.59375, 121579.9609375, 142516.734375, 103228.03125, 0.0, 0.0, 0.0, 0.0, 0.0, 0.0, 0.0, 0.0, 1.0, -0.3207039535045624, 917.0, 0.0, 0.0, -0.7695052027702332, 0.3428965210914612, 0.5110109448432922, 0.045277141791259315
41771, -0.00027346090064384043, -0.0730244591832161, 0.3310628831386566, 0.004153628367930651, 0.004526618868112564, -0.009454873390495777, 131497.59375, 155842.421875, 85487.84375, 121578.421875, 142520.78125, 103230.1015625, 0.0, 0.0, 0.0, 0.0, 0.0, 0.0, 0.0, 0.0, 1.0, -0.33737868070602417, 905.0, 0.0, 0.0, -0.7695658206939697, 0.3428908884525299, 0.5107958912849426, 0.04463669155386646
41792, -0.004474055487662554, -0.07309184223413467, 0.3320792615413666, -0.005702326539903879, 0.003459769766777754, -0.0018863140139728785, 131493.109375, 155844.328125, 85496.453125, 121579.734375, 142514.953125, 103234.984375, 0.0, 0.0, 0.0, 0.0, 0.0, 0.0, 0.0, 0.0, 1.0, -0.37312889099121094, 905.0, 0.0, 0.0, -0.7696661353111267, 0.3426125645637512, 0.5107213258743286, 0.04346410966257206
41811, -0.004036142956465483, -0.07430893182754517, 0.3320348560810089, -0.00590168684720993, 0.00028416700661182404, -0.0029993318021297455, 131487.015625, 155840.53125, 85494.5703125, 121577.109375, 142512.6875, 103226.71875, 0.0, 0.0, 0.0, 0.0, 0.0, 0.0, 0.0, 0.0, 1.0, -0.3992172181606293, 905.0, 0.0, 0.0, -0.7696110606193542, 0.34256184101104736, 0.5105844140052795, 0.042647850098582116
41831, -0.005047048442065716, -0.0744970440864563, 0.33196601271629333, -0.008749174885451794, -0.0006849123165011406, -0.00298610283061862, 131489.25, 155842.421875, 85497.5234375, 121572.5, 142518.5, 103234.234375, 0.0, 0.0, 0.0, 0.0, 0.0, 0.0, 0.0, 0.0, 1.0, -0.42636772990226746, 904.0, 0.0, 0.0, -0.7695941925048828, 0.34268686175346375, 0.5102870464324951, 0.04281438288685647
41851, -0.006097182631492615, -0.07444655150175095, 0.33279043436050415, -0.011288359761238098, -0.0011545746820047498, 0.0014996007084846497, 131484.765625, 155844.328125, 85495.640625, 121576.8828125, 142518.0, 103226.71875, 0.0, 0.0, 0.0, 0.0, 0.0, 0.0, 0.0, 0.0, 1.0, -0.4504127502441406, 904.0, 0.0, 0.0, -0.7697561979293823, 0.3425809442996979, 0.5100958347320557, 0.04216763228685818
41872, -0.006329287774860859, -0.07447563111782074, 0.33282187581062317, -0.011884727515280247, -0.0017580075655132532, 0.002294415608048439, 131493.109375, 155842.421875, 85491.8671875, 121576.2265625, 142511.6875, 103225.2109375, 0.0, 0.0, 0.0, 0.0, 0.0, 0.0, 0.0, 0.0, 1.0, -0.45452964305877686, 900.0, 0.0, 0.0, -0.7697463631629944, 0.3425028920173645, 0.5098034739494324, 0.04188356782095651
41892, -0.010423094034194946, -0.07587403804063797, 0.3333284854888916, -0.019598009064793587, -0.004954432137310505, 0.0030241755302995443, 131489.25, 155842.421875, 85486.2109375, 121583.46875, 142523.046875, 103223.8984375, 0.0, 0.0, 0.0, 0.0, 0.0, 0.0, 0.0, 0.0, 1.0, -0.456182599067688, 900.0, 0.0, 0.0, -0.7696974873542786, 0.3424573242664337, 0.5096195340156555, 0.04236561153489941
41912, -0.010185672901570797, -0.07708466053009033, 0.3333757519721985, -0.018286779522895813, -0.007573670707643032, 0.0018142368644475937, 131489.25, 155842.421875, 85492.4296875, 121591.578125, 142518.5, 103233.671875, 0.0, 0.0, 0.0, 0.0, 0.0, 0.0, 0.0, 0.0, 1.0, -0.46136805415153503, 900.0, 0.0, 0.0, -0.7699471712112427, 0.34235650300979614, 0.5093689560890198, 0.04424602591358177
41931, -0.009801562875509262, -0.07547425478696823, 0.3320387005805969, -0.016397127881646156, -0.004688274580985308, -0.008150589652359486, 131491.484375, 155846.234375, 85491.6171875, 121587.1953125, 142518.0, 103228.7890625, 0.0, 0.0, 0.0, 0.0, 0.0, 0.0, 0.0, 0.0, 1.0, -0.43960046768188477, 875.0, 0.0, 0.0, -0.7698808908462524, 0.3420925736427307, 0.5091435313224792, 0.043097098083367244
41951, -0.01012125052511692, -0.07557224482297897, 0.33186250925064087, -0.015532745979726315, -0.0051011196337640285, -0.009628897532820702, 131489.25, 155842.421875, 85498.34375, 121583.46875, 142514.453125, 103233.4765625, 0.0, 0.0, 0.0, 0.0, 0.0, 0.0, 0.0, 0.0, 1.0, -0.4117656350135803, 875.0, 0.0, 0.0, -0.7699511051177979, 0.3422321677207947, 0.5089033246040344, 0.04440801812765783
41971, -0.014060369692742825, -0.07647286355495453, 0.33059170842170715, -0.021491942927241325, -0.007055563852190971, -0.018392501398921013, 131487.625, 155844.328125, 85485.9609375, 121583.46875, 142521.28125, 103228.7890625, 0.0, 0.0, 0.0, 0.0, 0.0, 0.0, 0.0, 0.0, 1.0, -0.39753133058547974, 875.0, 0.0, 0.0, -0.769946277141571, 0.34189704060554504, 0.5086904168128967, 0.04497969954590978
41991, -0.014479072764515877, -0.07661736011505127, 0.33019259572029114, -0.020327378064393997, -0.0073744747787714005, -0.02131175808608532, 131488.25, 155844.328125, 85484.0703125, 121582.1484375, 142527.09375, 103236.296875, 0.0, 0.0, 0.0, 0.0, 0.0, 0.0, 0.0, 0.0, 1.0, -0.38827699422836304, 871.0, 0.0, 0.0, -0.770042896270752, 0.3416106104850769, 0.5085012912750244, 0.04375559868213036
42011, -0.014114055782556534, -0.07811778038740158, 0.33022356033325195, -0.017503388226032257, -0.010036713443696499, -0.021453123539686203, 131488.625, 155844.328125, 85483.0078125, 121589.390625, 142520.0, 103231.6015625, 0.0, 0.0, 0.0, 0.0, 0.0, 0.0, 0.0, 0.0, 1.0, -0.37714454531669617, 871.0, 0.0, 0.0, -0.770016610622406, 0.3411105275154114, 0.5084485411643982, 0.04279332684472455
42031, -0.015726054087281227, -0.07781974226236343, 0.3297884166240692, -0.01846114546060562, -0.0090093445032835, -0.02197234146296978, 131488.625, 155842.421875, 85489.7265625, 121583.46875, 142514.953125, 103232.9140625, 0.0, 0.0, 0.0, 0.0, 0.0, 0.0, 0.0, 0.0, 1.0, -0.35424166917800903, 871.0, 0.0, 0.0, -0.7699911594390869, 0.34093278646469116, 0.5084527134895325, 0.04378443730335953
42051, -0.01607983000576496, -0.07799848914146423, 0.32930517196655273, -0.016929324716329575, -0.008849249221384525, -0.02627342753112316, 131491.484375, 155842.421875, 85487.84375, 121583.46875, 142515.453125, 103232.1640625, 0.0, 0.0, 0.0, 0.0, 0.0, 0.0, 0.0, 0.0, 1.0, -0.3256100118160248, 873.0, 0.0, 0.0, -0.769953191280365, 0.34074661135673523, 0.5083931088447571, 0.044430713719164974
42071, -0.018177326768636703, -0.07808136194944382, 0.3283389210700989, -0.018583547323942184, -0.008353281766176224, -0.02816547453403473, 131499.21875, 155840.53125, 85482.4453125, 121574.6953125, 142514.953125, 103238.359375, 0.0, 0.0, 0.0, 0.0, 0.0, 0.0, 0.0, 0.0, 1.0, -0.3210447430610657, 873.0, 0.0, 0.0, -0.7698428630828857, 0.340490460395813, 0.5084829330444336, 0.044238240656793396
42091, -0.017926214262843132, -0.07993432134389877, 0.3277861773967743, -0.015701737254858017, -0.011315266601741314, -0.02736392430961132, 131494.734375, 155840.53125, 85483.2578125, 121585.65625, 142516.734375, 103237.8046875, 0.0, 0.0, 0.0, 0.0, 0.0, 0.0, 0.0, 0.0, 1.0, -0.33424505591392517, 873.0, 0.0, 0.0, -0.7696770429611206, 0.34021687507629395, 0.5086122155189514, 0.044009238602136014
42111, -0.018223358318209648, -0.08016804605722427, 0.32822561264038086, -0.01381676085293293, -0.011155893094837666, -0.022706879302859306, 131493.734375, 155842.421875, 85475.71875, 121582.8046875, 142510.40625, 103238.359375, 0.0, 0.0, 0.0, 0.0, 0.0, 0.0, 0.0, 0.0, 1.0, -0.3166610300540924, 861.0, 0.0, 0.0, -0.7695707082748413, 0.33982527256011963, 0.508660614490509, 0.04514439923777007
42132, -0.01848042570054531, -0.08038727939128876, 0.32777559757232666, -0.011840581893920898, -0.010733398608863354, -0.021827107295393944, 131493.109375, 155840.53125, 85482.1875, 121577.5390625, 142517.234375, 103238.359375, 0.0, 0.0, 0.0, 0.0, 0.0, 0.0, 0.0, 0.0, 1.0, -0.3003711998462677, 861.0, 0.0, 0.0, -0.7695046067237854, 0.3395615518093109, 0.5089393258094788, 0.044883217461779465
42151, -0.01962081901729107, -0.07858557254076004, 0.3264067769050598, -0.0115106962621212, -0.0066122678108513355, -0.02648318186402321, 131491.484375, 155842.421875, 85483.2578125, 121577.5390625, 142523.546875, 103237.8046875, 0.0, 0.0, 0.0, 0.0, 0.0, 0.0, 0.0, 0.0, 1.0, -0.2740049660205841, 861.0, 0.0, 0.0, -0.7692496180534363, 0.33907726407051086, 0.5091984272003174, 0.04506347270517798
42171, -0.018927225843071938, -0.07909967005252838, 0.32588881254196167, -0.00753298494964838, -0.006851106882095337, -0.02516251988708973, 131487.625, 155842.421875, 85479.484375, 121579.078125, 142521.28125, 103237.046875, 0.0, 0.0, 0.0, 0.0, 0.0, 0.0, 0.0, 0.0, 1.0, -0.2396152913570404, 853.0, 0.0, 0.0, -0.7689576148986816, 0.338442325592041, 0.5096475481987, 0.04312817839559154
42191, -0.01844700239598751, -0.07864593714475632, 0.3254108726978302, -0.0038176164962351322, -0.0050981659442186356, -0.02310606651008129, 131487.625, 155840.53125, 85478.421875, 121584.125, 142518.5, 103238.359375, 0.0, 0.0, 0.0, 0.0, 0.0, 0.0, 0.0, 0.0, 1.0, -0.23839637637138367, 853.0, 0.0, 0.0, -0.7687482833862305, 0.33818212151527405, 0.5100722908973694, 0.04365956789733142
42211, -0.017650211229920387, -0.0748617947101593, 0.3243602514266968, 0.00013826863141730428, 0.0027366578578948975, -0.024625565856695175, 131489.25, 155838.625, 85485.3984375, 121576.2265625, 142514.953125, 103238.359375, 0.0, 0.0, 0.0, 0.0, 0.0, 0.0, 0.0, 0.0, 1.0, -0.22293010354042053, 853.0, 0.0, 0.0, -0.7685582637786865, 0.337737113237381, 0.5105798244476318, 0.04187620316940892
42231, -0.017196137458086014, -0.07603097707033157, 0.32389259338378906, 0.0034073740243911743, 0.0009625000529922545, -0.02212560921907425, 131482.53125, 155840.53125, 85472.765625, 121581.9296875, 142512.1875, 103241.7421875, 0.0, 0.0, 0.0, 0.0, 0.0, 0.0, 0.0, 0.0, 1.0, -0.23401376605033875, 861.0, 0.0, 0.0, -0.7683361768722534, 0.337424099445343, 0.5109692811965942, 0.04212039169005092
42251, -0.015442918054759502, -0.07500585913658142, 0.3240327537059784, 0.008999171666800976, 0.003436956787481904, -0.016830511391162872, 131481.53125, 155840.53125, 85476.53125, 121573.8125, 142510.90625, 103237.046875, 0.0, 0.0, 0.0, 0.0, 0.0, 0.0, 0.0, 0.0, 1.0, -0.2471858710050583, 861.0, 0.0, 0.0, -0.7680889964103699, 0.33731526136398315, 0.5115198493003845, 0.042034878635787046
42271, -0.014142325147986412, -0.0752350389957428, 0.3237440586090088, 0.01361884269863367, 0.003263301681727171, -0.01252422109246254, 131487.625, 155842.421875, 85480.3046875, 121570.9609375, 142519.5, 103237.046875, 0.0, 0.0, 0.0, 0.0, 0.0, 0.0, 0.0, 0.0, 1.0, -0.28189533948898315, 851.0, 0.0, 0.0, -0.7674749493598938, 0.33729079365730286, 0.5123715996742249, 0.04486337675245684
42291, -0.012261265888810158, -0.07327569276094437, 0.32448652386665344, 0.019062785431742668, 0.007094040513038635, -0.005113928113132715, 131489.25, 155842.421875, 85470.875, 121573.15625, 142512.6875, 103241.7421875, 0.0, 0.0, 0.0, 0.0, 0.0, 0.0, 0.0, 0.0, 1.0, -0.32165974378585815, 851.0, 0.0, 0.0, -0.7672200798988342, 0.33722198009490967, 0.51292484998703, 0.04456793999192393
42311, -0.011674132198095322, -0.07221958041191101, 0.324409157037735, 0.021636536344885826, 0.008934764191508293, -0.00239527877420187, 131489.875, 155842.421875, 85470.875, 121579.078125, 142524.046875, 103232.9140625, 0.0, 0.0, 0.0, 0.0, 0.0, 0.0, 0.0, 0.0, 1.0, -0.37953415513038635, 851.0, 0.0, 0.0, -0.7667498588562012, 0.33709949254989624, 0.5137497186660767, 0.04424293674551028
42331, -0.010855612345039845, -0.07136234641075134, 0.32503625750541687, 0.024223214015364647, 0.010074746794998646, 0.004023432731628418, 131483.140625, 155836.734375, 85471.9453125, 121581.9296875, 142516.734375, 103234.984375, 0.0, 0.0, 0.0, 0.0, 0.0, 0.0, 0.0, 0.0, 1.0, -0.4587050676345825, 841.0, 0.0, 0.0, -0.7664401531219482, 0.3369975984096527, 0.5144864320755005, 0.04308409854548923
42351, -0.008710025809705257, -0.07016262412071228, 0.3251194357872009, 0.028911098837852478, 0.011635428294539452, 0.004734213929623365, 131495.96875, 155842.421875, 85474.6484375, 121582.8046875, 142516.234375, 103239.8671875, 0.0, 0.0, 0.0, 0.0, 0.0, 0.0, 0.0, 0.0, 1.0, -0.5029100775718689, 841.0, 0.0, 0.0, -0.7661318778991699, 0.3369239270687103, 0.5153294205665588, 0.0443863452625097
42371, -0.00799501221626997, -0.07062970846891403, 0.32520702481269836, 0.03032797761261463, 0.00984874740242958, 0.004504540469497442, 131486.015625, 155842.421875, 85480.5546875, 121580.390625, 142521.28125, 103234.984375, 0.0, 0.0, 0.0, 0.0, 0.0, 0.0, 0.0, 0.0, 1.0, -0.5500347018241882, 841.0, 0.0, 0.0, -0.7657094597816467, 0.3366311192512512, 0.5163465142250061, 0.0421130581385891
42391, -0.007424053270369768, -0.07071106880903244, 0.32393527030944824, 0.031026719138026237, 0.008756628260016441, -0.0022520520724356174, 131492.109375, 155840.53125, 85468.9921875, 121584.125, 142523.046875, 103241.9375, 0.0, 0.0, 0.0, 0.0, 0.0, 0.0, 0.0, 0.0, 1.0, -0.5934375524520874, 854.0, 0.0, 0.0, -0.7654349207878113, 0.33639752864837646, 0.5172238945960999, 0.03961366770708346
42411, -0.002750163432210684, -0.06954453885555267, 0.3238815367221832, 0.03907882049679756, 0.0101012559607625, -0.002340503968298435, 131484.390625, 155840.53125, 85468.9921875, 121577.5390625, 142514.953125, 103232.9140625, 0.0, 0.0, 0.0, 0.0, 0.0, 0.0, 0.0, 0.0, 1.0, -0.6300679445266724, 854.0, 0.0, 0.0, -0.7648695707321167, 0.3360809087753296, 0.5182684063911438, 0.037488339353780036
42431, -0.0007079348433762789, -0.06836510449647903, 0.32433006167411804, 0.041440509259700775, 0.011400842107832432, 0.0008457882795482874, 131487.625, 155842.421875, 85464.40625, 121585.65625, 142514.453125, 103239.8671875, 0.0, 0.0, 0.0, 0.0, 0.0, 0.0, 0.0, 0.0, 1.0, -0.6613330245018005, 854.0, 0.0, 0.0, -0.764690637588501, 0.3362864851951599, 0.5189763307571411, 0.037592327337751065
42451, -0.0014555933885276318, -0.06587457656860352, 0.324360728263855, 0.03806255757808685, 0.015140270814299583, 0.002082131803035736, 131494.359375, 155840.53125, 85470.875, 121585.65625, 142519.0, 103241.9375, 0.0, 0.0, 0.0, 0.0, 0.0, 0.0, 0.0, 0.0, 1.0, -0.6987333297729492, 870.0, 0.0, 0.0, -0.7642808556556702, 0.3363666236400604, 0.5200265645980835, 0.03764086388031437
42471, 0.0011456995271146297, -0.06510614603757858, 0.32464808225631714, 0.04089996591210365, 0.015395582653582096, 0.003400858724489808, 131489.875, 155842.421875, 85471.6953125, 121579.734375, 142511.40625, 103236.4921875, 0.0, 0.0, 0.0, 0.0, 0.0, 0.0, 0.0, 0.0, 1.0, -0.7170259356498718, 870.0, 0.0, 0.0, -0.7640551924705505, 0.3363785445690155, 0.5210817456245422, 0.03695506333949249
42491, 0.005520407110452652, -0.06593592464923859, 0.3247229754924774, 0.04694071784615517, 0.012419266626238823, 0.004284556023776531, 131489.25, 155838.625, 85469.8046875, 121586.3125, 142524.546875, 103237.8046875, 0.0, 0.0, 0.0, 0.0, 0.0, 0.0, 0.0, 0.0, 1.0, -0.7354910373687744, 870.0, 0.0, 0.0, -0.7639402151107788, 0.33626678586006165, 0.521910548210144, 0.03802512736211986
42511, 0.0076116216368973255, -0.0630824938416481, 0.3244706094264984, 0.04791544750332832, 0.01651187613606453, 0.0004004737129434943, 131486.640625, 155838.625, 85473.578125, 121581.2734375, 142520.0, 103242.4921875, 0.0, 0.0, 0.0, 0.0, 0.0, 0.0, 0.0, 0.0, 1.0, -0.7392963171005249, 880.0, 0.0, 0.0, -0.7635866403579712, 0.33594661951065063, 0.5231149196624756, 0.037949116185177253
42531, 0.009210989810526371, -0.06334466487169266, 0.32447680830955505, 0.04777926951646805, 0.014323615469038486, 4.509826976573095e-05, 131492.109375, 155838.625, 85464.40625, 121580.390625, 142521.765625, 103252.828125, 0.0, 0.0, 0.0, 0.0, 0.0, 0.0, 0.0, 0.0, 1.0, -0.744373083114624, 880.0, 0.0, 0.0, -0.763321578502655, 0.33599498867988586, 0.5238988399505615, 0.038329908002301585
42551, 0.011012024246156216, -0.06336939334869385, 0.3244510591030121, 0.04770517349243164, 0.012683836743235588, -0.0024231697898358107, 131483.765625, 155840.53125, 85467.921875, 121581.9296875, 142520.0, 103241.9375, 0.0, 0.0, 0.0, 0.0, 0.0, 0.0, 0.0, 0.0, 1.0, -0.7526332139968872, 871.0, 0.0, 0.0, -0.7631204128265381, 0.3358403742313385, 0.5249435305595398, 0.039692948265839856
42572, 0.011005086824297905, -0.06407792866230011, 0.3233286142349243, 0.04364033415913582, 0.009776029735803604, -0.009401137940585613, 131492.109375, 155840.53125, 85462.265625, 121591.578125, 142519.0, 103241.9375, 0.0, 0.0, 0.0, 0.0, 0.0, 0.0, 0.0, 0.0, 1.0, -0.7651063799858093, 871.0, 0.0, 0.0, -0.7628424167633057, 0.3357275426387787, 0.5257195830345154, 0.038882517642505623
42591, 0.013339368626475334, -0.06430045515298843, 0.3231290578842163, 0.043853044509887695, 0.007772970478981733, -0.010421891696751118, 131486.015625, 155842.421875, 85470.875, 121581.9296875, 142513.171875, 103241.9375, 0.0, 0.0, 0.0, 0.0, 0.0, 0.0, 0.0, 0.0, 1.0, -0.7724417448043823, 871.0, 0.0, 0.0, -0.7628860473632812, 0.33541056513786316, 0.5264416933059692, 0.03647364991246146
42611, 0.015911532565951347, -0.06348568201065063, 0.32334133982658386, 0.0443643257021904, 0.007889813743531704, -0.007396474480628967, 131490.5, 155840.53125, 85459.5703125, 121585.65625, 142521.28125, 103236.4921875, 0.0, 0.0, 0.0, 0.0, 0.0, 0.0, 0.0, 0.0, 1.0, -0.7716026306152344, 864.0, 0.0, 0.0, -0.7628157138824463, 0.33537548780441284, 0.5273603200912476, 0.03540265316662751
42631, 0.0169980488717556, -0.06377819180488586, 0.3232062757015228, 0.0419561006128788, 0.005760501604527235, -0.0065232329070568085, 131496.59375, 155838.625, 85464.96875, 121584.78125, 142512.6875, 103239.8671875, 0.0, 0.0, 0.0, 0.0, 0.0, 0.0, 0.0, 0.0, 1.0, -0.779362142086029, 864.0, 0.0, 0.0, -0.7628359198570251, 0.3353792130947113, 0.5279276967048645, 0.03449582731698366
42651, 0.019333602860569954, -0.0630505383014679, 0.3230443000793457, 0.042111411690711975, 0.005608811043202877, -0.003915984183549881, 131492.734375, 155834.828125, 85462.265625, 121583.46875, 142515.953125, 103244.5625, 0.0, 0.0, 0.0, 0.0, 0.0, 0.0, 0.0, 0.0, 1.0, -0.7818965911865234, 864.0, 0.0, 0.0, -0.7627824544906616, 0.33535197377204895, 0.5289351940155029, 0.03538782296135024
42671, 0.01896774396300316, -0.0630466490983963, 0.3229557275772095, 0.03688730672001839, 0.003923187963664532, -0.0049597895704209805, 131483.140625, 155836.734375, 85460.3828125, 121585.65625, 142522.265625, 103247.3828125, 0.0, 0.0, 0.0, 0.0, 0.0, 0.0, 0.0, 0.0, 1.0, -0.786545991897583, 857.0, 0.0, 0.0, -0.7627142071723938, 0.33498460054397583, 0.529643177986145, 0.036400049185087664
42691, 0.019676130264997482, -0.06298363208770752, 0.3229124844074249, 0.03399265930056572, 0.0024304427206516266, -0.004860835615545511, 131489.875, 155842.421875, 85455.796875, 121588.5078125, 142529.09375, 103243.25, 0.0, 0.0, 0.0, 0.0, 0.0, 0.0, 0.0, 0.0, 1.0, -0.8125472068786621, 857.0, 0.0, 0.0, -0.7627722024917603, 0.33472946286201477, 0.5301413536071777, 0.03653356512330959
42711, 0.020900392904877663, -0.06425018608570099, 0.32281801104545593, 0.032216623425483704, -0.0017900108359754086, -0.004394324496388435, 131492.109375, 155834.828125, 85462.5234375, 121585.4375, 142521.765625, 103240.625, 0.0, 0.0, 0.0, 0.0, 0.0, 0.0, 0.0, 0.0, 1.0, -0.81103515625, 857.0, 0.0, 0.0, -0.7627990245819092, 0.3347683846950531, 0.5306447744369507, 0.03567363080442637
42731, 0.02152238041162491, -0.06429503858089447, 0.322065532207489, 0.029138023033738136, -0.003330651205033064, -0.008320673368871212, 131488.25, 155836.734375, 85453.65625, 121587.8515625, 142524.046875, 103247.3828125, 0.0, 0.0, 0.0, 0.0, 0.0, 0.0, 0.0, 0.0, 1.0, -0.8139374852180481, 855.0, 0.0, 0.0, -0.7627986073493958, 0.3346940279006958, 0.5311623215675354, 0.036791267431556154
42751, 0.02376512624323368, -0.06423331052064896, 0.3218930661678314, 0.029542630538344383, -0.004595187492668629, -0.008758443407714367, 131492.109375, 155840.53125, 85452.84375, 121590.046875, 142515.453125, 103244.0, 0.0, 0.0, 0.0, 0.0, 0.0, 0.0, 0.0, 0.0, 1.0, -0.819724440574646, 855.0, 0.0, 0.0, -0.7628108859062195, 0.33478784561157227, 0.5315802693367004, 0.035801543361950815
42771, 0.022976849228143692, -0.06440863758325577, 0.32171931862831116, 0.023567698895931244, -0.006257314700633287, -0.00876355729997158, 131492.734375, 155838.625, 85449.0703125, 121585.65625, 142517.71875, 103239.8671875, 0.0, 0.0, 0.0, 0.0, 0.0, 0.0, 0.0, 0.0, 1.0, -0.8123975992202759, 855.0, 0.0, 0.0, -0.7632361054420471, 0.334597647190094, 0.5318272113800049, 0.03789300055749493
42791, 0.024004487320780754, -0.06420055776834488, 0.32254019379615784, 0.021771950647234917, -0.007080846931785345, -0.0037137975450605154, 131495.359375, 155838.625, 85453.9140625, 121585.65625, 142519.5, 103248.1328125, 0.0, 0.0, 0.0, 0.0, 0.0, 0.0, 0.0, 0.0, 1.0, -0.7940466403961182, 860.0, 0.0, 0.0, -0.7634679675102234, 0.3348322808742523, 0.5321577787399292, 0.03534581583723606
42811, 0.02441047504544258, -0.06435708701610565, 0.3224639296531677, 0.018850555643439293, -0.00858206395059824, -0.004102026112377644, 131489.875, 155838.625, 85459.5703125, 121595.3125, 142517.71875, 103246.0703125, 0.0, 0.0, 0.0, 0.0, 0.0, 0.0, 0.0, 0.0, 1.0, -0.7958179116249084, 860.0, 0.0, 0.0, -0.7638072967529297, 0.33507224917411804, 0.5325489044189453, 0.03792458813445227
42831, 0.025727983564138412, -0.06453775614500046, 0.3230156898498535, 0.01819310151040554, -0.00994271319359541, -0.0009265828994102776, 131490.5, 155838.625, 85453.9140625, 121591.359375, 142532.640625, 103250.7578125, 0.0, 0.0, 0.0, 0.0, 0.0, 0.0, 0.0, 0.0, 1.0, -0.7824413180351257, 860.0, 0.0, 0.0, -0.7640937566757202, 0.3350673317909241, 0.5327348113059998, 0.03863353484324694
42851, 0.025897763669490814, -0.06548254191875458, 0.32301536202430725, 0.015285864472389221, -0.012627124786376953, 0.0006518568261526525, 131492.109375, 155838.625, 85455.796875, 121584.78125, 142522.265625, 103249.4453125, 0.0, 0.0, 0.0, 0.0, 0.0, 0.0, 0.0, 0.0, 1.0, -0.7612287998199463, 856.0, 0.0, 0.0, -0.7642742395401001, 0.3351607918739319, 0.532916784286499, 0.038485404874859755
42871, 0.025954820215702057, -0.06635566055774689, 0.32341405749320984, 0.012348857708275318, -0.015069701708853245, 0.0031833744142204523, 131494.984375, 155836.734375, 85449.0703125, 121581.9296875, 142531.359375, 103248.8828125, 0.0, 0.0, 0.0, 0.0, 0.0, 0.0, 0.0, 0.0, 1.0, -0.7226674556732178, 856.0, 0.0, 0.0, -0.7646299600601196, 0.3352660834789276, 0.5330949425697327, 0.03947551639258304
42891, 0.023751458153128624, -0.0669235810637474, 0.3234643340110779, 0.004696071147918701, -0.016636619344353676, 0.0018274898175150156, 131498.21875, 155838.625, 85450.140625, 121584.125, 142520.5, 103250.953125, 0.0, 0.0, 0.0, 0.0, 0.0, 0.0, 0.0, 0.0, 1.0, -0.706505298614502, 866.0, 0.0, 0.0, -0.7649836540222168, 0.33510252833366394, 0.5332192182540894, 0.03818684988020652
42912, 0.02483891323208809, -0.06743840128183365, 0.32349303364753723, 0.0042666783556342125, -0.01782088913023472, 0.0019243404967710376, 131494.359375, 155836.734375, 85450.140625, 121586.3125, 142524.546875, 103249.4453125, 0.0, 0.0, 0.0, 0.0, 0.0, 0.0, 0.0, 0.0, 1.0, -0.6851642727851868, 866.0, 0.0, 0.0, -0.7654744982719421, 0.33511868119239807, 0.533287525177002, 0.03746988785846011
42931, 0.02495606057345867, -0.0687461644411087, 0.3237293064594269, 0.0019688771571964025, -0.020368430763483047, 0.002027516718953848, 131494.359375, 155836.734375, 85447.1875, 121592.234375, 142513.171875, 103248.8828125, 0.0, 0.0, 0.0, 0.0, 0.0, 0.0, 0.0, 0.0, 1.0, -0.673735499382019, 866.0, 0.0, 0.0, -0.7657650113105774, 0.3353910744190216, 0.5331360101699829, 0.039319249146592586
42952, 0.024373896420001984, -0.06938720494508743, 0.32377538084983826, -0.0017095577204599977, -0.021143784746527672, 0.0026894621551036835, 131496.59375, 155838.625, 85440.71875, 121587.6328125, 142524.546875, 103250.1953125, 0.0, 0.0, 0.0, 0.0, 0.0, 0.0, 0.0, 0.0, 1.0, -0.6373764872550964, 857.0, 0.0, 0.0, -0.7662565112113953, 0.3352840840816498, 0.5329837203025818, 0.04084962201122709
42971, 0.024679750204086304, -0.06992872059345245, 0.32391923666000366, -0.003060087328776717, -0.021297475323081017, 0.002910020062699914, 131483.140625, 155838.625, 85453.9140625, 121586.96875, 142516.453125, 103246.0703125, 0.0, 0.0, 0.0, 0.0, 0.0, 0.0, 0.0, 0.0, 1.0, -0.6115444302558899, 857.0, 0.0, 0.0, -0.7665356397628784, 0.33532392978668213, 0.5330262184143066, 0.04026587360520339
42991, 0.025461291894316673, -0.07063224166631699, 0.32399582862854004, -0.0030844667926430702, -0.02135736122727394, 0.004983019083738327, 131492.734375, 155840.53125, 85442.3515625, 121589.1640625, 142524.546875, 103246.0703125, 0.0, 0.0, 0.0, 0.0, 0.0, 0.0, 0.0, 0.0, 1.0, -0.5751965045928955, 857.0, 0.0, 0.0, -0.7669011354446411, 0.33547553420066833, 0.5329091548919678, 0.03939300341281106
43011, 0.023787647485733032, -0.07165395468473434, 0.324082612991333, -0.00821462832391262, -0.021769234910607338, 0.004951031878590584, 131496.59375, 155836.734375, 85454.7265625, 121586.3125, 142519.5, 103246.8203125, 0.0, 0.0, 0.0, 0.0, 0.0, 0.0, 0.0, 0.0, 1.0, -0.5363847613334656, 861.0, 0.0, 0.0, -0.7671775817871094, 0.3353916108608246, 0.5328375697135925, 0.040941493184661996
43031, 0.0241389162838459, -0.07262764871120453, 0.3241760730743408, -0.00842232070863247, -0.02195517159998417, 0.004673886112868786, 131494.359375, 155838.625, 85454.7265625, 121586.96875, 142524.046875, 103246.8203125, 0.0, 0.0, 0.0, 0.0, 0.0, 0.0, 0.0, 0.0, 1.0, -0.5055690407752991, 861.0, 0.0, 0.0, -0.7675790786743164, 0.3351805806159973, 0.5326949954032898, 0.04067924974021037
43052, 0.02316080965101719, -0.07451581209897995, 0.3241818845272064, -0.011359459720551968, -0.024067699909210205, 0.0042201983742415905, 131489.875, 155834.828125, 85450.140625, 121584.125, 142530.859375, 103247.5703125, 0.0, 0.0, 0.0, 0.0, 0.0, 0.0, 0.0, 0.0, 1.0, -0.4863711893558502, 861.0, 0.0, 0.0, -0.767765462398529, 0.3350924253463745, 0.532581090927124, 0.039503419615510925
43071, 0.022633185610175133, -0.07584691047668457, 0.324289470911026, -0.01306807529181242, -0.02469022199511528, 0.006009536795318127, 131497.59375, 155840.53125, 85448.2578125, 121591.578125, 142530.859375, 103251.703125, 0.0, 0.0, 0.0, 0.0, 0.0, 0.0, 0.0, 0.0, 1.0, -0.46075478196144104, 855.0, 0.0, 0.0, -0.7679294943809509, 0.3353116810321808, 0.5324718952178955, 0.03929880850895369
43092, 0.022364353761076927, -0.07632613927125931, 0.324283242225647, -0.014000295661389828, -0.023261776193976402, 0.006389468442648649, 131494.359375, 155834.828125, 85442.6015625, 121584.78125, 142529.09375, 103246.8203125, 0.0, 0.0, 0.0, 0.0, 0.0, 0.0, 0.0, 0.0, 1.0, -0.4237056374549866, 855.0, 0.0, 0.0, -0.7681958675384521, 0.33557507395744324, 0.5320984125137329, 0.041278090832484036
43111, 0.02207263745367527, -0.07630886137485504, 0.3244127333164215, -0.014759799465537071, -0.020604489371180534, 0.006642989348620176, 131491.109375, 155836.734375, 85433.7421875, 121581.046875, 142528.59375, 103250.1953125, 0.0, 0.0, 0.0, 0.0, 0.0, 0.0, 0.0, 0.0, 1.0, -0.391346275806427, 855.0, 0.0, 0.0, -0.7682320475578308, 0.3355052173137665, 0.5319053530693054, 0.041516528749678906
43131, 0.02159113809466362, -0.07753059267997742, 0.32354065775871277, -0.015741996467113495, -0.0205770842730999, 0.0017643203027546406, 131495.59375, 155836.734375, 85445.3046875, 121585.65625, 142522.265625, 103253.578125, 0.0, 0.0, 0.0, 0.0, 0.0, 0.0, 0.0, 0.0, 1.0, -0.34868964552879333, 839.0, 0.0, 0.0, -0.768345832824707, 0.3355582654476166, 0.5317609906196594, 0.043059933524944666
43151, 0.021272271871566772, -0.07792168110609055, 0.3235819935798645, -0.016112273558974266, -0.018519550561904907, 0.002592703327536583, 131500.453125, 155836.734375, 85440.46875, 121585.4375, 142522.265625, 103250.1953125, 0.0, 0.0, 0.0, 0.0, 0.0, 0.0, 0.0, 0.0, 1.0, -0.31227466464042664, 839.0, 0.0, 0.0, -0.7684223055839539, 0.33557310700416565, 0.5315478444099426, 0.04329360958757317
43171, 0.019509464502334595, -0.07809501141309738, 0.3236258029937744, -0.0195129606872797, -0.016000594943761826, 0.00205047195777297, 131492.734375, 155836.734375, 85442.6015625, 121587.8515625, 142526.8125, 103249.4453125, 0.0, 0.0, 0.0, 0.0, 0.0, 0.0, 0.0, 0.0, 1.0, -0.2983294725418091, 839.0, 0.0, 0.0, -0.7682994604110718, 0.3357852101325989, 0.5313267111778259, 0.04481595943370435
43191, 0.019134685397148132, -0.07840093225240707, 0.3221025764942169, -0.019458234310150146, -0.013938563875854015, -0.005539551842957735, 131494.359375, 155838.625, 85439.6484375, 121590.703125, 142524.046875, 103253.015625, 0.0, 0.0, 0.0, 0.0, 0.0, 0.0, 0.0, 0.0, 1.0, -0.2747037410736084, 837.0, 0.0, 0.0, -0.7683416604995728, 0.3356066346168518, 0.5312280058860779, 0.045972136099666924
43211, 0.019098572432994843, -0.07773062586784363, 0.3219725489616394, -0.01843852736055851, -0.00994270108640194, -0.006554025691002607, 131507.1875, 155840.53125, 85430.2265625, 121582.5859375, 142525.046875, 103249.640625, 0.0, 0.0, 0.0, 0.0, 0.0, 0.0, 0.0, 0.0, 1.0, -0.25875550508499146, 837.0, 0.0, 0.0, -0.7683314681053162, 0.3357138931751251, 0.5310825705528259, 0.04613442942936674
43231, 0.018350735306739807, -0.07709759473800659, 0.32270634174346924, -0.018981100991368294, -0.006420294288545847, -0.0005387717974372208, 131494.984375, 155836.734375, 85433.9921875, 121587.6328125, 142520.5, 103248.1328125, 0.0, 0.0, 0.0, 0.0, 0.0, 0.0, 0.0, 0.0, 1.0, -0.241323322057724, 848.0, 0.0, 0.0, -0.7681865692138672, 0.33592069149017334, 0.5310630798339844, 0.046947147909066976
43251, 0.01668691821396351, -0.07750062644481659, 0.32268765568733215, -0.02144598215818405, -0.005468898452818394, -0.0012658225605264306, 131491.109375, 155834.828125, 85435.625, 121586.96875, 142525.046875, 103253.015625, 0.0, 0.0, 0.0, 0.0, 0.0, 0.0, 0.0, 0.0, 1.0, -0.2153070867061615, 848.0, 0.0, 0.0, -0.7679882645606995, 0.33604446053504944, 0.5307851433753967, 0.04479522809466418
43271, 0.01740233227610588, -0.07590080797672272, 0.32319876551628113, -0.01829153299331665, -0.000206038894248195, 0.0018183770589530468, 131488.25, 155836.734375, 85434.8125, 121584.78125, 142531.359375, 103252.265625, 0.0, 0.0, 0.0, 0.0, 0.0, 0.0, 0.0, 0.0, 1.0, -0.19161972403526306, 848.0, 0.0, 0.0, -0.7677845358848572, 0.33590957522392273, 0.5307814478874207, 0.04692780988838942
43291, 0.016399990767240524, -0.07542303949594498, 0.32322803139686584, -0.018878178671002388, 0.0021953308023512363, 0.0008865054696798325, 131494.984375, 155840.53125, 85438.578125, 121596.625, 142521.0, 103249.640625, 0.0, 0.0, 0.0, 0.0, 0.0, 0.0, 0.0, 0.0, 1.0, -0.1821996420621872, 841.0, 0.0, 0.0, -0.7676328420639038, 0.3358097970485687, 0.5307487845420837, 0.04760038744977876
43311, 0.016011126339435577, -0.07535546272993088, 0.3243052065372467, -0.017727864906191826, 0.0034538721665740013, 0.007194912526756525, 131498.84375, 155838.625, 85432.109375, 121586.96875, 142531.859375, 103247.5703125, 0.0, 0.0, 0.0, 0.0, 0.0, 0.0, 0.0, 0.0, 1.0, -0.14956532418727875, 841.0, 0.0, 0.0, -0.7673527598381042, 0.3360118269920349, 0.5306804776191711, 0.04693398707514836
43331, 0.01697566919028759, -0.0745750218629837, 0.3244697153568268, -0.013530905358493328, 0.0061186496168375015, 0.009066022001206875, 131498.21875, 155834.828125, 85438.8359375, 121584.78125, 142524.046875, 103254.328125, 0.0, 0.0, 0.0, 0.0, 0.0, 0.0, 0.0, 0.0, 1.0, -0.14347636699676514, 841.0, 0.0, 0.0, -0.7671064138412476, 0.33608004450798035, 0.5307010412216187, 0.04677061380182909
43351, 0.016717879101634026, -0.0744437575340271, 0.32466045022010803, -0.012247961014509201, 0.006971109192818403, 0.010185066610574722, 131498.21875, 155834.828125, 85432.109375, 121580.390625, 142523.265625, 103251.515625, 0.0, 0.0, 0.0, 0.0, 0.0, 0.0, 0.0, 0.0, 1.0, -0.12927088141441345, 842.0, 0.0, 0.0, -0.7669879198074341, 0.33626461029052734, 0.5307096242904663, 0.04806140959983917
43371, 0.014550472609698772, -0.07256946712732315, 0.32456475496292114, -0.015424049459397793, 0.011454697698354721, 0.006200795993208885, 131488.875, 155836.734375, 85425.390625, 121580.390625, 142525.046875, 103252.265625, 0.0, 0.0, 0.0, 0.0, 0.0, 0.0, 0.0, 0.0, 1.0, -0.14275650680065155, 842.0, 0.0, 0.0, -0.766664981842041, 0.3362553119659424, 0.5308260321617126, 0.04762700879811368
43392, 0.014254416339099407, -0.07233639061450958, 0.3246869146823883, -0.01418217085301876, 0.011829584836959839, 0.0058250813744962215, 131497.21875, 155838.625, 85437.765625, 121580.390625, 142529.09375, 103250.953125, 0.0, 0.0, 0.0, 0.0, 0.0, 0.0, 0.0, 0.0, 1.0, -0.11390617489814758, 842.0, 0.0, 0.0, -0.766457200050354, 0.3365873098373413, 0.5307775139808655, 0.04525536831681366
43411, 0.016116637736558914, -0.07098549604415894, 0.3249232769012451, -0.007704062387347221, 0.014708300121128559, 0.00752992881461978, 131495.59375, 155838.625, 85432.9296875, 121584.125, 142525.046875, 103248.8828125, 0.0, 0.0, 0.0, 0.0, 0.0, 0.0, 0.0, 0.0, 1.0, -0.09317290782928467, 844.0, 0.0, 0.0, -0.7661781907081604, 0.3362501561641693, 0.5309680700302124, 0.04899186541412802
43432, 0.017005546018481255, -0.07151634991168976, 0.3250857889652252, -0.0023965665604919195, 0.013270087540149689, 0.0092100128531456, 131503.328125, 155836.734375, 85430.2265625, 121584.78125, 142531.359375, 103250.1953125, 0.0, 0.0, 0.0, 0.0, 0.0, 0.0, 0.0, 0.0, 1.0, -0.057347144931554794, 844.0, 0.0, 0.0, -0.7659456133842468, 0.3363446891307831, 0.5311898589134216, 0.050119351731865276
43451, 0.017354600131511688, -0.07119959592819214, 0.3247699439525604, 0.003412736812606454, 0.013570049777626991, 0.004604309797286987, 131494.984375, 155834.828125, 85430.2265625, 121594.2109375, 142526.8125, 103253.015625, 0.0, 0.0, 0.0, 0.0, 0.0, 0.0, 0.0, 0.0, 1.0, -0.02228083647787571, 844.0, 0.0, 0.0, -0.7655930519104004, 0.33672425150871277, 0.5316000580787659, 0.05182686657597683
43471, 0.016821013763546944, -0.07141005992889404, 0.32483524084091187, 0.008937649428844452, 0.012451968155801296, 0.0023545229341834784, 131491.109375, 155836.734375, 85426.4609375, 121600.1328125, 142525.046875, 103253.015625, 0.0, 0.0, 0.0, 0.0, 0.0, 0.0, 0.0, 0.0, 1.0, 0.01960819959640503, 846.0, 0.0, 0.0, -0.7652870416641235, 0.3370484709739685, 0.5322473049163818, 0.05346763406081274
43491, 0.014768381603062153, -0.0706482082605362, 0.3248751163482666, 0.012612232938408852, 0.01342823076993227, 0.0005282632191665471, 131493.359375, 155834.828125, 85428.34375, 121595.7421875, 142522.765625, 103252.265625, 0.0, 0.0, 0.0, 0.0, 0.0, 0.0, 0.0, 0.0, 1.0, 0.05153069645166397, 846.0, 0.0, 0.0, -0.7650211453437805, 0.3372694253921509, 0.5326876044273376, 0.053912527282813975
43511, 0.015848461538553238, -0.06968127191066742, 0.32446789741516113, 0.02453465200960636, 0.014654474332928658, -0.003809957765042782, 131499.46875, 155834.828125, 85429.15625, 121590.046875, 142522.265625, 103249.640625, 0.0, 0.0, 0.0, 0.0, 0.0, 0.0, 0.0, 0.0, 1.0, 0.0756896510720253, 836.0, 0.0, 0.0, -0.7648054361343384, 0.33705934882164, 0.5338149666786194, 0.053297781266639484
43531, 0.016110457479953766, -0.07003910094499588, 0.3243752419948578, 0.03532605990767479, 0.012585288845002651, -0.005386857315897942, 131496.59375, 155836.734375, 85437.765625, 121589.8203125, 142533.640625, 103258.4609375, 0.0, 0.0, 0.0, 0.0, 0.0, 0.0, 0.0, 0.0, 1.0, 0.09746101498603821, 836.0, 0.0, 0.0, -0.7646469473838806, 0.33703434467315674, 0.5346564054489136, 0.054448918153942254
43552, 0.017716214060783386, -0.0693080723285675, 0.3249465227127075, 0.0495319738984108, 0.013007787056267262, -0.0024861174169927835, 131488.25, 155836.734375, 85432.9296875, 121584.78125, 142533.640625, 103257.1484375, 0.0, 0.0, 0.0, 0.0, 0.0, 0.0, 0.0, 0.0, 1.0, 0.12235303968191147, 836.0, 0.0, 0.0, -0.7644623517990112, 0.33694565296173096, 0.5365093946456909, 0.05415799069842981
43571, 0.018837368115782738, -0.06905729323625565, 0.3248899579048157, 0.0626552402973175, 0.012068571522831917, -0.0031856310088187456, 131488.25, 155834.828125, 85431.859375, 121585.65625, 142533.640625, 103257.1484375, 0.0, 0.0, 0.0, 0.0, 0.0, 0.0, 0.0, 0.0, 1.0, 0.13039618730545044, 827.0, 0.0, 0.0, -0.7640935778617859, 0.33680886030197144, 0.5385567545890808, 0.054830615578433765
43591, 0.021384043619036674, -0.06886497884988785, 0.3252895772457123, 0.07899200171232224, 0.011015625670552254, -0.00152691756375134, 131484.390625, 155834.828125, 85434.8125, 121576.6640625, 142527.3125, 103255.0859375, 0.0, 0.0, 0.0, 0.0, 0.0, 0.0, 0.0, 0.0, 1.0, 0.14609532058238983, 827.0, 0.0, 0.0, -0.7638667225837708, 0.33660829067230225, 0.5400577187538147, 0.054034027799176154
43611, 0.02314925193786621, -0.06915810704231262, 0.325246125459671, 0.09316437691450119, 0.008531437255442142, -0.0026815503370016813, 131491.109375, 155834.828125, 85428.34375, 121576.6640625, 142527.8125, 103257.90625, 0.0, 0.0, 0.0, 0.0, 0.0, 0.0, 0.0, 0.0, 1.0, 0.1585879921913147, 827.0, 0.0, 0.0, -0.7638586759567261, 0.33615419268608093, 0.5427979230880737, 0.05400724895058397
43631, 0.025858303532004356, -0.06917504221200943, 0.3238726258277893, 0.10900171101093292, 0.006522162817418575, -0.011417282745242119, 131495.59375, 155834.828125, 85425.390625, 121575.125, 142522.265625, 103259.96875, 0.0, 0.0, 0.0, 0.0, 0.0, 0.0, 0.0, 0.0, 1.0, 0.17142128944396973, 821.0, 0.0, 0.0, -0.7637153267860413, 0.33630165457725525, 0.5451212525367737, 0.055644828816332634
43651, 0.029856426641345024, -0.06888383626937866, 0.32360923290252686, 0.12695647776126862, 0.005385768599808216, -0.01283170748502016, 131501.703125, 155838.625, 85417.03125, 121586.09375, 142526.046875, 103247.5703125, 0.0, 0.0, 0.0, 0.0, 0.0, 0.0, 0.0, 0.0, 1.0, 0.17415423691272736, 821.0, 0.0, 0.0, -0.7637118697166443, 0.33589890599250793, 0.5483077764511108, 0.05518028720905358
43672, 0.03434400632977486, -0.06903702765703201, 0.3233319818973541, 0.1447472870349884, 0.0032346071675419807, -0.013300715945661068, 131494.984375, 155836.734375, 85428.0859375, 121595.7421875, 142529.59375, 103253.015625, 0.0, 0.0, 0.0, 0.0, 0.0, 0.0, 0.0, 0.0, 1.0, 0.1675310581922531, 821.0, 0.0, 0.0, -0.7636207342147827, 0.33532848954200745, 0.551921546459198, 0.05589728461828698
43691, 0.04063131660223007, -0.0679241269826889, 0.322468638420105, 0.1651146560907364, 0.004048951435834169, -0.0158242117613554, 131503.328125, 155832.9375, 85414.8984375, 121589.8203125, 142531.859375, 103254.328125, 0.0, 0.0, 0.0, 0.0, 0.0, 0.0, 0.0, 0.0, 1.0, 0.14729490876197815, 810.0, 0.0, 0.0, -0.763914942741394, 0.334809809923172, 0.5546552538871765, 0.05455925015742138
43711, 0.04363243654370308, -0.06732966750860214, 0.3221501111984253, 0.1762867271900177, 0.003866155631840229, -0.01487245038151741, 131497.84375, 155836.734375, 85424.3203125, 121597.28125, 142518.21875, 103257.90625, 0.0, 0.0, 0.0, 0.0, 0.0, 0.0, 0.0, 0.0, 1.0, 0.15166489779949188, 810.0, 0.0, 0.0, -0.7639347314834595, 0.33466458320617676, 0.5589035153388977, 0.054933628966326
43731, 0.04818268120288849, -0.06660033017396927, 0.3217652440071106, 0.18900670111179352, 0.004258108790963888, -0.017004190012812614, 131493.984375, 155834.828125, 85415.96875, 121587.6328125, 142525.546875, 103251.140625, 0.0, 0.0, 0.0, 0.0, 0.0, 0.0, 0.0, 0.0, 1.0, 0.12150654941797256, 810.0, 0.0, 0.0, -0.7639825940132141, 0.33398741483688354, 0.5633783936500549, 0.05422367117497048
43752, 0.05117959529161453, -0.06697139143943787, 0.321441650390625, 0.19665557146072388, 0.00200116285122931, -0.016039425507187843, 131503.9375, 155836.734375, 85422.4375, 121587.6328125, 142531.859375, 103261.84375, 0.0, 0.0, 0.0, 0.0, 0.0, 0.0, 0.0, 0.0, 1.0, 0.12154519557952881, 798.0, 0.0, 0.0, -0.7642120122909546, 0.3338738977909088, 0.5670354962348938, 0.05622759444551578
43772, 0.05375371500849724, -0.0676005631685257, 0.32016533613204956, 0.2015780359506607, -0.0008329533156938851, -0.021933365613222122, 131495.59375, 155836.734375, 85421.6171875, 121581.9296875, 142533.640625, 103258.65625, 0.0, 0.0, 0.0, 0.0, 0.0, 0.0, 0.0, 0.0, 1.0, 0.14204047620296478, 798.0, 0.0, 0.0, -0.7643478512763977, 0.3332221508026123, 0.5716239809989929, 0.05237414573685932
43791, 0.05718274042010307, -0.06821709871292114, 0.3197401165962219, 0.2074761539697647, -0.003340908559039235, -0.020824752748012543, 131493.984375, 155836.734375, 85423.5, 121583.2421875, 142529.59375, 103257.1484375, 0.0, 0.0, 0.0, 0.0, 0.0, 0.0, 0.0, 0.0, 1.0, 0.16811765730381012, 792.0, 0.0, 0.0, -0.7646095156669617, 0.33332884311676025, 0.5750362873077393, 0.05247372083317884
43812, 0.06375927478075027, -0.06840739399194717, 0.3194984197616577, 0.21963496506214142, -0.004701143130660057, -0.020711299031972885, 131494.359375, 155838.625, 85417.59375, 121575.125, 142529.59375, 103259.96875, 0.0, 0.0, 0.0, 0.0, 0.0, 0.0, 0.0, 0.0, 1.0, 0.1718919277191162, 792.0, 0.0, 0.0, -0.7649043798446655, 0.33268022537231445, 0.5801581144332886, 0.052320962817837616
43833, 0.06819233298301697, -0.06852405518293381, 0.31907838582992554, 0.22564707696437836, -0.0058110919781029224, -0.02111995406448841, 131495.59375, 155832.9375, 85417.8515625, 121587.6328125, 142522.765625, 103253.7734375, 0.0, 0.0, 0.0, 0.0, 0.0, 0.0, 0.0, 0.0, 1.0, 0.1725866049528122, 792.0, 0.0, 0.0, -0.7652146220207214, 0.332200825214386, 0.5854677557945251, 0.0526814475323363
43853, 0.07422392070293427, -0.06992264837026596, 0.3186228573322296, 0.23401902616024017, -0.009702757000923157, -0.022979173809289932, 131492.734375, 155834.828125, 85414.078125, 121589.1640625, 142527.3125, 103259.96875, 0.0, 0.0, 0.0, 0.0, 0.0, 0.0, 0.0, 0.0, 1.0, 0.17142455279827118, 794.0, 0.0, 0.0, -0.7656449675559998, 0.33242130279541016, 0.5892987847328186, 0.05229097175733279
43873, 0.07715710252523422, -0.07020911574363708, 0.31880348920822144, 0.23340003192424774, -0.010573114268481731, -0.018824288621544838, 131496.21875, 155832.9375, 85413.015625, 121585.4375, 142527.8125, 103255.8359375, 0.0, 0.0, 0.0, 0.0, 0.0, 0.0, 0.0, 0.0, 1.0, 0.17239096760749817, 794.0, 0.0, 0.0, -0.7659158706665039, 0.33182939887046814, 0.5946834087371826, 0.052093002381281346
43891, 0.08409532904624939, -0.07106742262840271, 0.3184366524219513, 0.24153010547161102, -0.012469744309782982, -0.016902994364500046, 131506.8125, 155834.828125, 85409.2421875, 121582.5859375, 142527.3125, 103260.53125, 0.0, 0.0, 0.0, 0.0, 0.0, 0.0, 0.0, 0.0, 1.0, 0.17626440525054932, 794.0, 0.0, 0.0, -0.7661951184272766, 0.3313618004322052, 0.5987673401832581, 0.05111876879081957
43912, 0.08789003640413284, -0.07106973975896835, 0.3192059099674225, 0.2406282126903534, -0.012096140533685684, -0.011074299924075603, 131501.078125, 155834.828125, 85415.96875, 121586.09375, 142520.5, 103257.1484375, 0.0, 0.0, 0.0, 0.0, 0.0, 0.0, 0.0, 0.0, 1.0, 0.1766756772994995, 781.0, 0.0, 0.0, -0.76674884557724, 0.331181138753891, 0.6040356159210205, 0.048608072460010664
43931, 0.09421657025814056, -0.07320397347211838, 0.3189900815486908, 0.24494975805282593, -0.016742749139666557, -0.009971505030989647, 131495.59375, 155834.828125, 85410.0625, 121595.7421875, 142528.8125, 103251.703125, 0.0, 0.0, 0.0, 0.0, 0.0, 0.0, 0.0, 0.0, 1.0, 0.1850203275680542, 781.0, 0.0, 0.0, -0.7672592401504517, 0.3309054374694824, 0.6095091700553894, 0.05218210091557184
43951, 0.09861487150192261, -0.07348284870386124, 0.3188440501689911, 0.24348345398902893, -0.016356782987713814, -0.009443911723792553, 131494.984375, 155834.828125, 85409.2421875, 121592.015625, 142519.21875, 103259.21875, 0.0, 0.0, 0.0, 0.0, 0.0, 0.0, 0.0, 0.0, 1.0, 0.1993783414363861, 781.0, 0.0, 0.0, -0.7677331566810608, 0.330524206161499, 0.6137165427207947, 0.05382909652769749
43971, 0.1028299629688263, -0.07414743304252625, 0.3186565935611725, 0.24079714715480804, -0.016505321487784386, -0.009237592108547688, 131487.25, 155832.9375, 85411.125, 121591.359375, 142527.3125, 103255.8359375, 0.0, 0.0, 0.0, 0.0, 0.0, 0.0, 0.0, 0.0, 1.0, 0.2018369734287262, 743.0, 0.0, 0.0, -0.7680072784423828, 0.3305014371871948, 0.6177234053611755, 0.05291865264555711
43991, 0.1072736531496048, -0.07361546903848648, 0.3166482746601105, 0.23842394351959229, -0.013331029564142227, -0.016324365511536598, 131501.703125, 155832.9375, 85408.171875, 121585.4375, 142522.0, 103261.28125, 0.0, 0.0, 0.0, 0.0, 0.0, 0.0, 0.0, 0.0, 1.0, 0.18700845539569855, 743.0, 0.0, 0.0, -0.768480122089386, 0.33036261796951294, 0.6229756474494934, 0.04977789614757872
44011, 0.1127467155456543, -0.0747871920466423, 0.31632736325263977, 0.23799791932106018, -0.014349953271448612, -0.01409019436687231, 131488.25, 155831.03125, 85404.65625, 121581.046875, 142523.265625, 103259.96875, 0.0, 0.0, 0.0, 0.0, 0.0, 0.0, 0.0, 0.0, 1.0, 0.16262269020080566, 743.0, 0.0, 0.0, -0.7688578963279724, 0.32992440462112427, 0.628405749797821, 0.04845094300435274
44031, 0.11756504327058792, -0.07529051601886749, 0.3152199685573578, 0.23547257483005524, -0.01355830393731594, -0.01449078880250454, 131491.109375, 155836.734375, 85406.546875, 121583.2421875, 142529.59375, 103259.40625, 0.0, 0.0, 0.0, 0.0, 0.0, 0.0, 0.0, 0.0, 1.0, 0.13022547960281372, 738.0, 0.0, 0.0, -0.7691081762313843, 0.32984158396720886, 0.6323784589767456, 0.04954114413795911
44051, 0.12257488816976547, -0.07582465559244156, 0.31494393944740295, 0.2330455332994461, -0.012829439714550972, -0.01282559521496296, 131497.84375, 155836.734375, 85407.359375, 121583.8984375, 142528.3125, 103255.2734375, 0.0, 0.0, 0.0, 0.0, 0.0, 0.0, 0.0, 0.0, 1.0, 0.08664557337760925, 738.0, 0.0, 0.0, -0.7696757912635803, 0.32965555787086487, 0.637544572353363, 0.04600792420427934
44071, 0.12619614601135254, -0.07584115862846375, 0.3147026300430298, 0.22698882222175598, -0.010633101686835289, -0.011326096951961517, 131500.078125, 155832.9375, 85404.40625, 121587.6328125, 142528.3125, 103256.5859375, 0.0, 0.0, 0.0, 0.0, 0.0, 0.0, 0.0, 0.0, 1.0, 0.04910694807767868, 735.0, 0.0, 0.0, -0.7699256539344788, 0.32978588342666626, 0.6425895690917969, 0.045785261959914336
44091, 0.1317889392375946, -0.07643160969018936, 0.3142038583755493, 0.22606225311756134, -0.010019687935709953, -0.008744379505515099, 131496.21875, 155831.03125, 85409.2421875, 121583.2421875, 142523.765625, 103253.7734375, 0.0, 0.0, 0.0, 0.0, 0.0, 0.0, 0.0, 0.0, 1.0, 0.012220777571201324, 735.0, 0.0, 0.0, -0.7702011466026306, 0.3294469118118286, 0.6462668776512146, 0.046521361522326374
44112, 0.13602080941200256, -0.0768054723739624, 0.31405335664749146, 0.2207370102405548, -0.008711057715117931, -0.006404527463018894, 131506.1875, 155831.03125, 85399.5703125, 121583.8984375, 142527.3125, 103259.96875, 0.0, 0.0, 0.0, 0.0, 0.0, 0.0, 0.0, 0.0, 1.0, -0.04320822283625603, 735.0, 0.0, 0.0, -0.7704180479049683, 0.32978135347366333, 0.6512059569358826, 0.046007031613743594
44131, 0.14036047458648682, -0.0772901326417923, 0.3152661919593811, 0.21650665998458862, -0.007777420803904533, 0.004022479988634586, 131500.703125, 155831.03125, 85408.4296875, 121586.09375, 142532.359375, 103256.5859375, 0.0, 0.0, 0.0, 0.0, 0.0, 0.0, 0.0, 0.0, 1.0, -0.09872433543205261, 737.0, 0.0, 0.0, -0.7707592248916626, 0.3302733600139618, 0.6549360752105713, 0.04650605130113482
44151, 0.1438087522983551, -0.07724359631538391, 0.3153795003890991, 0.2101317048072815, -0.005452965386211872, 0.006154901348054409, 131503.9375, 155834.828125, 85404.65625, 121591.359375, 142531.359375, 103259.21875, 0.0, 0.0, 0.0, 0.0, 0.0, 0.0, 0.0, 0.0, 1.0, -0.174129918217659, 737.0, 0.0, 0.0, -0.7709789276123047, 0.33003106713294983, 0.6594865918159485, 0.041625360052710454
44171, 0.147590771317482, -0.07810376584529877, 0.3161734342575073, 0.20467762649059296, -0.005706462077796459, 0.013000239618122578, 131495.59375, 155836.734375, 85407.359375, 121594.2109375, 142522.765625, 103260.53125, 0.0, 0.0, 0.0, 0.0, 0.0, 0.0, 0.0, 0.0, 1.0, -0.24605999886989594, 737.0, 0.0, 0.0, -0.7710917592048645, 0.33044561743736267, 0.6640012264251709, 0.03904919729894952
44192, 0.15180867910385132, -0.07735596597194672, 0.3164249360561371, 0.20071280002593994, -0.0018322994001209736, 0.012373161502182484, 131487.875, 155834.828125, 85403.59375, 121589.8203125, 142523.765625, 103260.71875, 0.0, 0.0, 0.0, 0.0, 0.0, 0.0, 0.0, 0.0, 1.0, -0.3234103322029114, 714.0, 0.0, 0.0, -0.7713413238525391, 0.3306978940963745, 0.6674832105636597, 0.038638879125380304
44211, 0.15479297935962677, -0.07768591493368149, 0.31681105494499207, 0.193925142288208, -0.0010340427979826927, 0.012977289035916328, 131489.5, 155832.9375, 85399.8203125, 121583.2421875, 142520.5, 103260.71875, 0.0, 0.0, 0.0, 0.0, 0.0, 0.0, 0.0, 0.0, 1.0, -0.4099748134613037, 714.0, 0.0, 0.0, -0.7714860439300537, 0.33100268244743347, 0.6718801259994507, 0.036524507679671775
44231, 0.15952061116695404, -0.07799651473760605, 0.31707021594047546, 0.19256900250911713, -0.00038975142524577677, 0.01280379481613636, 131486.640625, 155832.9375, 85404.40625, 121587.6328125, 142521.0, 103258.65625, 0.0, 0.0, 0.0, 0.0, 0.0, 0.0, 0.0, 0.0, 1.0, -0.47318559885025024, 714.0, 0.0, 0.0, -0.7716631889343262, 0.331249475479126, 0.674999475479126, 0.03566756809472692
44251, 0.16352632641792297, -0.07793723791837692, 0.31732890009880066, 0.18988549709320068, 0.0010074249003082514, 0.012525505386292934, 131493.984375, 155834.828125, 85399.8203125, 121587.6328125, 142523.265625, 103255.8359375, 0.0, 0.0, 0.0, 0.0, 0.0, 0.0, 0.0, 0.0, 1.0, -0.5313230156898499, 685.0, 0.0, 0.0, -0.7716957330703735, 0.3315005898475647, 0.6792193055152893, 0.03499001776491389
44271, 0.1678597331047058, -0.07794457674026489, 0.3191537857055664, 0.18871301412582397, 0.0019103777594864368, 0.019395649433135986, 131496.21875, 155832.9375, 85400.078125, 121577.9765625, 142523.265625, 103262.0390625, 0.0, 0.0, 0.0, 0.0, 0.0, 0.0, 0.0, 0.0, 1.0, -0.569457471370697, 685.0, 0.0, 0.0, -0.7718199491500854, 0.33195531368255615, 0.6836404204368591, 0.03572554775913613
44291, 0.17113950848579407, -0.07821246981620789, 0.31951144337654114, 0.18514563143253326, 0.0019178433576598763, 0.016767593100667, 131500.078125, 155831.03125, 85394.171875, 121585.4375, 142532.859375, 103257.34375, 0.0, 0.0, 0.0, 0.0, 0.0, 0.0, 0.0, 0.0, 1.0, -0.6041911244392395, 685.0, 0.0, 0.0, -0.7720637917518616, 0.3325576186180115, 0.6866139769554138, 0.03692815732295534
44312, 0.17581497132778168, -0.07825180143117905, 0.3203654885292053, 0.18581119179725647, 0.0023537003435194492, 0.015613761730492115, 131500.703125, 155832.9375, 85394.171875, 121585.2109375, 142532.359375, 103257.90625, 0.0, 0.0, 0.0, 0.0, 0.0, 0.0, 0.0, 0.0, 1.0, -0.652535080909729, 677.0, 0.0, 0.0, -0.7720090746879578, 0.3320569396018982, 0.6907862424850464, 0.035772981817081786
44332, 0.17938847839832306, -0.0777285024523735, 0.3206607699394226, 0.18360042572021484, 0.004271422978490591, 0.013125098310410976, 131491.734375, 155832.9375, 85409.2421875, 121594.2109375, 142531.859375, 103264.1015625, 0.0, 0.0, 0.0, 0.0, 0.0, 0.0, 0.0, 0.0, 1.0, -0.676063060760498, 677.0, 0.0, 0.0, -0.7719630599021912, 0.3326996862888336, 0.6948252320289612, 0.03428215441110544
44353, 0.18475976586341858, -0.0782613754272461, 0.3213796317577362, 0.18656542897224426, 0.0030975271947681904, 0.01308480929583311, 131497.84375, 155831.03125, 85397.125, 121588.2890625, 142527.8125, 103265.609375, 0.0, 0.0, 0.0, 0.0, 0.0, 0.0, 0.0, 0.0, 1.0, -0.7096087336540222, 677.0, 0.0, 0.0, -0.77210932970047, 0.3325658142566681, 0.6977970600128174, 0.03286683927514497
44373, 0.18764455616474152, -0.07715021073818207, 0.3216215968132019, 0.18278858065605164, 0.006289718206971884, 0.010138268582522869, 131499.46875, 155831.03125, 85403.84375, 121588.2890625, 142528.8125, 103263.3515625, 0.0, 0.0, 0.0, 0.0, 0.0, 0.0, 0.0, 0.0, 1.0, -0.7532572746276855, 660.0, 0.0, 0.0, -0.772172749042511, 0.33257415890693665, 0.7019709348678589, 0.03584294868173192
44391, 0.19149641692638397, -0.07741860300302505, 0.3218030333518982, 0.1820811629295349, 0.0054748328402638435, 0.008820991031825542, 131489.5, 155831.03125, 85399.8203125, 121584.5546875, 142522.0, 103260.71875, 0.0, 0.0, 0.0, 0.0, 0.0, 0.0, 0.0, 0.0, 1.0, -0.7943177819252014, 660.0, 0.0, 0.0, -0.7721534371376038, 0.33229944109916687, 0.704800009727478, 0.03043696904229598
44411, 0.1958054006099701, -0.07787352055311203, 0.3202592730522156, 0.1829451620578766, 0.003942408598959446, -0.0020517155062407255, 131493.359375, 155834.828125, 85392.2890625, 121588.9453125, 142530.09375, 103271.0546875, 0.0, 0.0, 0.0, 0.0, 0.0, 0.0, 0.0, 0.0, 1.0, -0.8371185660362244, 660.0, 0.0, 0.0, -0.7725309729576111, 0.332218736410141, 0.7147572040557861, 0.03138053540310853
44431, 0.1984352022409439, -0.07736995816230774, 0.32019978761672974, 0.17937438189983368, 0.004863772075623274, -0.005592370871454477, 131492.734375, 155832.9375, 85391.21875, 121586.75, 142526.046875, 103262.7890625, 0.0, 0.0, 0.0, 0.0, 0.0, 0.0, 0.0, 0.0, 1.0, -0.858188271522522, 668.0, 0.0, 0.0, -0.7726209759712219, 0.3317547142505646, 0.7208585143089294, 0.03248097177653683
44451, 0.2017635554075241, -0.0769081562757492, 0.3203998804092407, 0.1782660037279129, 0.0056953937746584415, -0.006732759531587362, 131496.21875, 155831.03125, 85392.2890625, 121593.328125, 142530.09375, 103264.8515625, 0.0, 0.0, 0.0, 0.0, 0.0, 0.0, 0.0, 0.0, 1.0, -0.8636155128479004, 668.0, 0.0, 0.0, -0.7726996541023254, 0.33128100633621216, 0.7239062190055847, 0.0303435180933959
44471, 0.2062893956899643, -0.07690779864788055, 0.3202359676361084, 0.18094219267368317, 0.005093871615827084, -0.009467173367738724, 131488.875, 155832.9375, 85393.1015625, 121586.75, 142528.3125, 103269.546875, 0.0, 0.0, 0.0, 0.0, 0.0, 0.0, 0.0, 0.0, 1.0, -0.8816236257553101, 706.0, 0.0, 0.0, -0.7728620171546936, 0.331272691488266, 0.7268024682998657, 0.029681834247947913
44491, 0.20974896848201752, -0.07701972872018814, 0.31827864050865173, 0.18068765103816986, 0.0042104171589016914, -0.01951715350151062, 131494.984375, 155829.140625, 85384.75, 121592.671875, 142526.046875, 103273.1171875, 0.0, 0.0, 0.0, 0.0, 0.0, 0.0, 0.0, 0.0, 1.0, -0.893256425857544, 706.0, 0.0, 0.0, -0.7731105089187622, 0.330905020236969, 0.7298716902732849, 0.030698910746699195
44511, 0.21466036140918732, -0.07703268527984619, 0.3178420960903168, 0.18416361510753632, 0.0035479397047311068, -0.020373830571770668, 131493.984375, 155832.9375, 85389.3359375, 121586.75, 142534.140625, 103263.5390625, 0.0, 0.0, 0.0, 0.0, 0.0, 0.0, 0.0, 0.0, 1.0, -0.9191051125526428, 706.0, 0.0, 0.0, -0.7732101678848267, 0.33083826303482056, 0.7328535318374634, 0.02923021694986595
44531, 0.21847112476825714, -0.07763350009918213, 0.31727170944213867, 0.18509666621685028, 0.001377590699121356, -0.018640337511897087, 131499.09375, 155831.03125, 85388.515625, 121588.2890625, 142531.078125, 103273.1171875, 0.0, 0.0, 0.0, 0.0, 0.0, 0.0, 0.0, 0.0, 1.0, -0.9504332542419434, 697.0, 0.0, 0.0, -0.7732594013214111, 0.3306519091129303, 0.7350264191627502, 0.02909985452889593
44551, 0.22181305289268494, -0.07781859487295151, 0.31691959500312805, 0.1845276802778244, 0.0003810362541116774, -0.017217153683304787, 131491.734375, 155831.03125, 85391.46875, 121587.40625, 142531.859375, 103277.25, 0.0, 0.0, 0.0, 0.0, 0.0, 0.0, 0.0, 0.0, 1.0, -0.9900922179222107, 697.0, 0.0, 0.0, -0.7734321355819702, 0.3308751583099365, 0.7378160357475281, 0.030502699477141477
44571, 0.22625227272510529, -0.07789288461208344, 0.31658264994621277, 0.18712927401065826, -0.0002981328289024532, -0.01594100333750248, 131498.46875, 155831.03125, 85394.171875, 121586.75, 142534.140625, 103268.984375, 0.0, 0.0, 0.0, 0.0, 0.0, 0.0, 0.0, 0.0, 1.0, -1.0143346786499023, 697.0, 0.0, 0.0, -0.7736308574676514, 0.3303403854370117, 0.7408162355422974, 0.031200286470994962
44592, 0.2301112413406372, -0.07799765467643738, 0.31559982895851135, 0.18804867565631866, -0.0010226963786408305, -0.016344528645277023, 131493.359375, 155832.9375, 85396.0546875, 121590.4765625, 142526.046875, 103274.4296875, 0.0, 0.0, 0.0, 0.0, 0.0, 0.0, 0.0, 0.0, 1.0, -1.0311737060546875, 713.0, 0.0, 0.0, -0.7736645340919495, 0.33009013533592224, 0.7430941462516785, 0.026976500145903467
44611, 0.23358634114265442, -0.07825547456741333, 0.3152850568294525, 0.18773584067821503, -0.002202918753027916, -0.015183708630502224, 131489.5, 155832.9375, 85394.984375, 121590.4765625, 142536.90625, 103268.4296875, 0.0, 0.0, 0.0, 0.0, 0.0, 0.0, 0.0, 0.0, 1.0, -1.0490288734436035, 713.0, 0.0, 0.0, -0.7737975716590881, 0.33028659224510193, 0.7459514141082764, 0.026572377221649325
44632, 0.23680226504802704, -0.0784904807806015, 0.3153051733970642, 0.18673701584339142, -0.0033037529792636633, -0.012379886582493782, 131500.703125, 155832.9375, 85397.9375, 121591.140625, 142530.59375, 103272.3671875, 0.0, 0.0, 0.0, 0.0, 0.0, 0.0, 0.0, 0.0, 1.0, -1.0685672760009766, 713.0, 0.0, 0.0, -0.7740194797515869, 0.33010849356651306, 0.749168872833252, 0.027157759302692642
44651, 0.24062688648700714, -0.0787116289138794, 0.31516164541244507, 0.1925916075706482, -0.004588784649968147, -0.012221879325807095, 131487.25, 155829.140625, 85391.21875, 121592.671875, 142526.046875, 103262.7890625, 0.0, 0.0, 0.0, 0.0, 0.0, 0.0, 0.0, 0.0, 1.0, -1.0753086805343628, 679.0, 0.0, 0.0, -0.7743253707885742, 0.3300152122974396, 0.7520928382873535, 0.02472886272820398
44671, 0.24561122059822083, -0.07926388829946518, 0.3137378990650177, 0.1964348703622818, -0.006644830107688904, -0.019671829417347908, 131497.84375, 155829.140625, 85387.453125, 121585.4375, 142528.8125, 103268.984375, 0.0, 0.0, 0.0, 0.0, 0.0, 0.0, 0.0, 0.0, 1.0, -1.0731685161590576, 679.0, 0.0, 0.0, -0.7747388482093811, 0.3300846219062805, 0.7561643123626709, 0.027466742576174003
44691, 0.2498287707567215, -0.07917118817567825, 0.31334999203681946, 0.19796304404735565, -0.006333537865430117, -0.019025905057787895, 131491.109375, 155832.9375, 85388.265625, 121591.140625, 142531.859375, 103268.984375, 0.0, 0.0, 0.0, 0.0, 0.0, 0.0, 0.0, 0.0, 1.0, -1.0582027435302734, 679.0, 0.0, 0.0, -0.774905264377594, 0.3299250304698944, 0.7591450214385986, 0.028094545607336655
44712, 0.2569844424724579, -0.07994874566793442, 0.31521865725517273, 0.20210812985897064, -0.00873109046369791, -0.005373565945774317, 131491.109375, 155829.140625, 85388.265625, 121591.796875, 142528.3125, 103263.5390625, 0.0, 0.0, 0.0, 0.0, 0.0, 0.0, 0.0, 0.0, 1.0, -1.0340522527694702, 667.0, 0.0, 0.0, -0.7753568887710571, 0.32972630858421326, 0.7633888721466064, 0.027651638974999115
44731, 0.2600361406803131, -0.07968249917030334, 0.315144807100296, 0.19974906742572784, -0.007852920331060886, -0.0025716396048665047, 131494.609375, 155832.9375, 85389.3359375, 121587.6328125, 142531.859375, 103269.7421875, 0.0, 0.0, 0.0, 0.0, 0.0, 0.0, 0.0, 0.0, 1.0, -1.016658067703247, 667.0, 0.0, 0.0, -0.7759287357330322, 0.3298552930355072, 0.7670308351516724, 0.027231225937035097
44751, 0.2617555260658264, -0.07923427224159241, 0.31512197852134705, 0.1990041583776474, -0.006456461269408464, -0.002947829896584153, 131490.125, 155829.140625, 85392.2890625, 121586.09375, 142523.765625, 103269.7421875, 0.0, 0.0, 0.0, 0.0, 0.0, 0.0, 0.0, 0.0, 1.0, -0.9802681803703308, 667.0, 0.0, 0.0, -0.7762441635131836, 0.32980090379714966, 0.7702397108078003, 0.029300781217461224
44771, 0.26515665650367737, -0.08063876628875732, 0.3167330026626587, 0.19736753404140472, -0.0099309291690588, 0.0072628227062523365, 131496.21875, 155829.140625, 85391.21875, 121582.3671875, 142528.3125, 103273.1171875, 0.0, 0.0, 0.0, 0.0, 0.0, 0.0, 0.0, 0.0, 1.0, -0.960809051990509, 613.0, 0.0, 0.0, -0.7766797542572021, 0.33002692461013794, 0.7741629481315613, 0.030268412593099196
44791, 0.2681078612804413, -0.08102304488420486, 0.3168970048427582, 0.19454729557037354, -0.01012236624956131, 0.007896319963037968, 131489.5, 155827.234375, 85378.03125, 121591.140625, 142528.8125, 103265.609375, 0.0, 0.0, 0.0, 0.0, 0.0, 0.0, 0.0, 0.0, 1.0, -0.9288419485092163, 613.0, 0.0, 0.0, -0.7771221399307251, 0.3298613727092743, 0.7771148085594177, 0.026510767666998697
44812, 0.27374348044395447, -0.08159098774194717, 0.3163197338581085, 0.19367580115795135, -0.009868921712040901, 0.004825487732887268, 131490.125, 155829.140625, 85385.5625, 121580.828125, 142526.046875, 103276.5, 0.0, 0.0, 0.0, 0.0, 0.0, 0.0, 0.0, 0.0, 1.0, -0.8928065299987793, 584.0, 0.0, 0.0, -0.7776218056678772, 0.3306373059749603, 0.7811651825904846, 0.03337416344154022
44832, 0.2755693197250366, -0.08283913880586624, 0.3163670003414154, 0.19317568838596344, -0.012698665261268616, 0.004423091188073158, 131489.5, 155834.828125, 85390.3984375, 121589.6015625, 142531.078125, 103271.8046875, 0.0, 0.0, 0.0, 0.0, 0.0, 0.0, 0.0, 0.0, 1.0, -0.8524513244628906, 584.0, 0.0, 0.0, -0.7780637145042419, 0.330494225025177, 0.785283625125885, 0.03360468269130325
44853, 0.2801101803779602, -0.08283383399248123, 0.3174608647823334, 0.1946943700313568, -0.01092865876853466, 0.008932681754231453, 131489.5, 155832.9375, 85383.9375, 121585.2109375, 142522.0, 103279.875, 0.0, 0.0, 0.0, 0.0, 0.0, 0.0, 0.0, 0.0, 1.0, -0.8074851036071777, 584.0, 0.0, 0.0, -0.7783455848693848, 0.33036547899246216, 0.7881979942321777, 0.033524726014890364
44873, 0.28349441289901733, -0.08356251567602158, 0.3176325559616089, 0.1925840824842453, -0.011279837228357792, 0.006856931373476982, 131494.609375, 155832.9375, 85387.453125, 121591.140625, 142533.359375, 103275.9375, 0.0, 0.0, 0.0, 0.0, 0.0, 0.0, 0.0, 0.0, 1.0, -0.7445677518844604, 576.0, 0.0, 0.0, -0.7789324522018433, 0.33026522397994995, 0.792232871055603, 0.03430033251657725
44893, 0.2890459895133972, -0.08420310914516449, 0.31707146763801575, 0.19672471284866333, -0.011167801916599274, 0.0011753120925277472, 131490.125, 155832.9375, 85376.1484375, 121590.4765625, 142528.8125, 103268.4296875, 0.0, 0.0, 0.0, 0.0, 0.0, 0.0, 0.0, 0.0, 1.0, -0.69588303565979, 576.0, 0.0, 0.0, -0.7792844772338867, 0.3304511606693268, 0.7963727116584778, 0.0346684325356972
44913, 0.29227474331855774, -0.08437837660312653, 0.31704288721084595, 0.1934555470943451, -0.009523113258183002, -0.003822905709967017, 131500.703125, 155829.140625, 85385.5625, 121594.8671875, 142528.3125, 103277.25, 0.0, 0.0, 0.0, 0.0, 0.0, 0.0, 0.0, 0.0, 1.0, -0.6542263031005859, 576.0, 0.0, 0.0, -0.7793911695480347, 0.3305993974208832, 0.7993000745773315, 0.035570107350735417
44933, 0.2960392236709595, -0.08478424698114395, 0.3169534206390381, 0.19225391745567322, -0.00874904915690422, -0.005198831669986248, 131493.359375, 155831.03125, 85384.75, 121591.796875, 142528.8125, 103273.1171875, 0.0, 0.0, 0.0, 0.0, 0.0, 0.0, 0.0, 0.0, 1.0, -0.5989954471588135, 555.0, 0.0, 0.0, -0.7798354625701904, 0.33004748821258545, 0.8034796118736267, 0.03663301799840917
44952, 0.30078330636024475, -0.08464020490646362, 0.31772565841674805, 0.19374169409275055, -0.0063734813593328, -0.0034673786722123623, 131495.59375, 155831.03125, 85384.75, 121586.75, 142524.765625, 103274.625, 0.0, 0.0, 0.0, 0.0, 0.0, 0.0, 0.0, 0.0, 1.0, -0.53571617603302, 555.0, 0.0, 0.0, -0.7801835536956787, 0.3298925757408142, 0.8059200048446655, 0.034949085994841964
44972, 0.3036249279975891, -0.08564845472574234, 0.3176555633544922, 0.18957212567329407, -0.007276815827935934, -0.004080364480614662, 131488.5, 155829.140625, 85379.6640625, 121588.9453125, 142522.484375, 103269.7421875, 0.0, 0.0, 0.0, 0.0, 0.0, 0.0, 0.0, 0.0, 1.0, -0.49376198649406433, 555.0, 0.0, 0.0, -0.7802268862724304, 0.3300935924053192, 0.810488760471344, 0.038320855203737805
44992, 0.30860212445259094, -0.08597121387720108, 0.31686726212501526, 0.191359743475914, -0.006388855166733265, -0.01082910131663084, 131496.21875, 155831.03125, 85376.1484375, 121586.75, 142535.140625, 103271.8046875, 0.0, 0.0, 0.0, 0.0, 0.0, 0.0, 0.0, 0.0, 1.0, -0.44316795468330383, 563.0, 0.0, 0.0, -0.780727744102478, 0.32983168959617615, 0.8132199645042419, 0.0372122526566804
45012, 0.31078073382377625, -0.08547494560480118, 0.31663721799850464, 0.1850263476371765, -0.003332289168611169, -0.012250630185008049, 131485.015625, 155831.03125, 85373.1953125, 121593.328125, 142525.265625, 103280.6328125, 0.0, 0.0, 0.0, 0.0, 0.0, 0.0, 0.0, 0.0, 1.0, -0.4054921567440033, 563.0, 0.0, 0.0, -0.780776858329773, 0.32965102791786194, 0.8174662590026855, 0.037977585568387054
45031, 0.3138095736503601, -0.08585284650325775, 0.3161740005016327, 0.1814655363559723, -0.003330936888232827, -0.014941278845071793, 131489.5, 155827.234375, 85373.4453125, 121586.75, 142528.8125, 103280.0703125, 0.0, 0.0, 0.0, 0.0, 0.0, 0.0, 0.0, 0.0, 1.0, -0.37378719449043274, 563.0, 0.0, 0.0, -0.7809590101242065, 0.3292829394340515, 0.8202661275863647, 0.03933218430566156
45051, 0.31882521510124207, -0.08568716794252396, 0.3158578872680664, 0.1839636117219925, -0.0021322190295904875, -0.015230594202876091, 131492.359375, 155831.03125, 85370.4921875, 121592.671875, 142524.265625, 103271.8046875, 0.0, 0.0, 0.0, 0.0, 0.0, 0.0, 0.0, 0.0, 1.0, -0.31462788581848145, 540.0, 0.0, 0.0, -0.7812532782554626, 0.32902002334594727, 0.824406623840332, 0.03975508124120131
45072, 0.3228684365749359, -0.08664341270923615, 0.31517496705055237, 0.17825356125831604, -0.004216545727103949, -0.016205839812755585, 131489.5, 155829.140625, 85371.3125, 121592.671875, 142526.53125, 103280.0703125, 0.0, 0.0, 0.0, 0.0, 0.0, 0.0, 0.0, 0.0, 1.0, -0.2528102397918701, 540.0, 0.0, 0.0, -0.7815214395523071, 0.3286438584327698, 0.8280898928642273, 0.0439834209423881
45091, 0.32429376244544983, -0.0868338793516159, 0.31502074003219604, 0.17680664360523224, -0.004595228936523199, -0.015259483829140663, 131491.734375, 155831.03125, 85379.9140625, 121591.796875, 142532.859375, 103273.1171875, 0.0, 0.0, 0.0, 0.0, 0.0, 0.0, 0.0, 0.0, 1.0, -0.15790601074695587, 540.0, 0.0, 0.0, -0.7816876769065857, 0.3288007378578186, 0.8313332200050354, 0.04160838679257
45112, 0.32907214760780334, -0.08638734370470047, 0.31521403789520264, 0.17975132167339325, -0.003135118167847395, -0.011844707652926445, 131482.765625, 155829.140625, 85379.9140625, 121588.9453125, 142533.359375, 103278.0078125, 0.0, 0.0, 0.0, 0.0, 0.0, 0.0, 0.0, 0.0, 1.0, -0.04739876091480255, 515.0, 0.0, 0.0, -0.7820743918418884, 0.32837367057800293, 0.8351340293884277, 0.0470679307714537
45131, 0.332655131816864, -0.08609428256750107, 0.31499409675598145, 0.17923377454280853, -0.0022804199252277613, -0.01028305385261774, 131489.5, 155827.234375, 85382.609375, 121583.0234375, 142532.859375, 103271.8046875, 0.0, 0.0, 0.0, 0.0, 0.0, 0.0, 0.0, 0.0, 1.0, 0.05833013728260994, 515.0, 0.0, 0.0, -0.7823782563209534, 0.3282921612262726, 0.8379805684089661, 0.04802977684930438
45151, 0.33592790365219116, -0.08651536703109741, 0.3147903084754944, 0.1782202422618866, -0.0033488376066088676, -0.011067359708249569, 131486.265625, 155831.03125, 85378.84375, 121593.328125, 142528.8125, 103273.875, 0.0, 0.0, 0.0, 0.0, 0.0, 0.0, 0.0, 0.0, 1.0, 0.1580355018377304, 505.0, 0.0, 0.0, -0.7827170491218567, 0.3277420103549957, 0.8419778943061829, 0.04918262549214576
45171, 0.3398628532886505, -0.08684048056602478, 0.31342989206314087, 0.17957547307014465, -0.003932557068765163, -0.015942426398396492, 131493.359375, 155831.03125, 85380.7265625, 121589.6015625, 142528.8125, 103275.9375, 0.0, 0.0, 0.0, 0.0, 0.0, 0.0, 0.0, 0.0, 1.0, 0.25055065751075745, 505.0, 0.0, 0.0, -0.7829945087432861, 0.3276628851890564, 0.8460357785224915, 0.0490376128669853
45191, 0.34341153502464294, -0.08715568482875824, 0.31313079595565796, 0.17985375225543976, -0.0046088434755802155, -0.014576847665011883, 131491.734375, 155831.03125, 85371.3125, 121579.2890625, 142522.484375, 103278.0078125, 0.0, 0.0, 0.0, 0.0, 0.0, 0.0, 0.0, 0.0, 1.0, 0.34405478835105896, 505.0, 0.0, 0.0, -0.7835320234298706, 0.32774293422698975, 0.8487767577171326, 0.05364579802480426
45211, 0.34621551632881165, -0.08807520568370819, 0.3128476142883301, 0.1782236397266388, -0.006877136882394552, -0.014209573157131672, 131490.125, 155831.03125, 85374.0078125, 121585.4375, 142529.3125, 103273.875, 0.0, 0.0, 0.0, 0.0, 0.0, 0.0, 0.0, 0.0, 1.0, 0.44683969020843506, 491.0, 0.0, 0.0, -0.784136950969696, 0.3274046778678894, 0.8529505729675293, 0.05598401502493654
45231, 0.35067588090896606, -0.08894021809101105, 0.31257256865501404, 0.18149812519550323, -0.008726175874471664, -0.012728109024465084, 131484.015625, 155829.140625, 85381.796875, 121590.4765625, 142531.078125, 103281.3828125, 0.0, 0.0, 0.0, 0.0, 0.0, 0.0, 0.0, 0.0, 1.0, 0.5506141781806946, 491.0, 0.0, 0.0, -0.7845284342765808, 0.32721731066703796, 0.8556463122367859, 0.05735365171452776
45251, 0.35460811853408813, -0.08942380547523499, 0.31218865513801575, 0.1832551509141922, -0.009121550247073174, -0.0132778100669384, 131477.921875, 155829.140625, 85376.9609375, 121597.0625, 142532.859375, 103285.515625, 0.0, 0.0, 0.0, 0.0, 0.0, 0.0, 0.0, 0.0, 1.0, 0.6675158739089966, 491.0, 0.0, 0.0, -0.7847728729248047, 0.32753121852874756, 0.8598657846450806, 0.06035081280844306
45271, 0.3582265079021454, -0.08984968066215515, 0.31195345520973206, 0.18440581858158112, -0.008950955234467983, -0.01078985445201397, 131487.875, 155827.234375, 85374.265625, 121581.484375, 142529.3125, 103273.875, 0.0, 0.0, 0.0, 0.0, 0.0, 0.0, 0.0, 0.0, 1.0, 0.7717241048812866, 486.0, 0.0, 0.0, -0.7851150035858154, 0.3271237015724182, 0.8628331422805786, 0.06029558871867019
45291, 0.36037516593933105, -0.09044875204563141, 0.31071653962135315, 0.18123728036880493, -0.009411109611392021, -0.01427504327148199, 131488.5, 155831.03125, 85372.375, 121584.5546875, 142529.3125, 103279.5078125, 0.0, 0.0, 0.0, 0.0, 0.0, 0.0, 0.0, 0.0, 1.0, 0.8712959289550781, 486.0, 0.0, 0.0, -0.7857639789581299, 0.3268640637397766, 0.8669690489768982, 0.06290359651050997
45311, 0.3657437264919281, -0.09116938710212708, 0.31040969491004944, 0.18692289292812347, -0.009881468489766121, -0.013689070008695126, 131495.21875, 155829.140625, 85360.8203125, 121600.5703125, 142531.578125, 103280.8203125, 0.0, 0.0, 0.0, 0.0, 0.0, 0.0, 0.0, 0.0, 1.0, 0.9773374795913696, 486.0, 0.0, 0.0, -0.7861721515655518, 0.3270930349826813, 0.8707360625267029, 0.06478209239050506
45333, 0.3687601685523987, -0.09155197441577911, 0.31011173129081726, 0.1861555278301239, -0.009351459331810474, -0.00998291838914156, 131485.640625, 155831.03125, 85366.7265625, 121587.40625, 142531.078125, 103280.8203125, 0.0, 0.0, 0.0, 0.0, 0.0, 0.0, 0.0, 0.0, 1.0, 1.0617282390594482, 472.0, 0.0, 0.0, -0.7865585088729858, 0.3273860812187195, 0.8753719329833984, 0.06528338744009667
45353, 0.3714299499988556, -0.09178882092237473, 0.30995607376098633, 0.18427765369415283, -0.00842333771288395, -0.007343631237745285, 131489.5, 155829.140625, 85362.140625, 121593.328125, 142531.578125, 103279.3203125, 0.0, 0.0, 0.0, 0.0, 0.0, 0.0, 0.0, 0.0, 1.0, 1.1570727825164795, 472.0, 0.0, 0.0, -0.7866938710212708, 0.32764381170272827, 0.8785272240638733, 0.06660982499782256
45373, 0.37578243017196655, -0.09153532981872559, 0.3098154067993164, 0.1867436170578003, -0.00591049762442708, -0.005677894689142704, 131492.359375, 155831.03125, 85358.125, 121583.0234375, 142525.265625, 103288.3359375, 0.0, 0.0, 0.0, 0.0, 0.0, 0.0, 0.0, 0.0, 1.0, 1.2485783100128174, 472.0, 0.0, 0.0, -0.7872300148010254, 0.3278498351573944, 0.8826146125793457, 0.0692184511074573
45391, 0.3806664049625397, -0.09263524413108826, 0.31108853220939636, 0.19093500077724457, -0.007018726319074631, 0.003801751649007201, 131487.875, 155829.140625, 85360.8203125, 121588.2890625, 142526.53125, 103280.8203125, -0.2088238000869751, -0.07137016206979752, 0.07489461451768875, -0.02379005402326584, -0.14097809791564941, 0.007048904895782471, 0.0, 0.0, 1.0, 1.309383511543274, 460.0, 0.0, 0.0, -0.7874690890312195, 0.32844552397727966, 0.8861922025680542, 0.06860251487852043
45411, 0.3833963871002197, -0.09320491552352905, 0.31120797991752625, 0.1889931857585907, -0.006660131271928549, 0.0067857978865504265, 131492.359375, 155827.234375, 85358.125, 121591.796875, 142529.8125, 103280.0703125, -0.6547496318817139, -0.09410658478736877, -0.0058593228459358215, 0.12825946509838104, -0.2227766513824463, -0.03912867233157158, 0.0, 0.0, 1.0, 1.34906804561615, 460.0, 0.0, 0.0, -0.787629246711731, 0.32864752411842346, 0.8903611302375793, 0.07032336406576932
45431, 0.38845592737197876, -0.092891626060009, 0.3124440014362335, 0.19351167976856232, -0.004332731477916241, 0.012278469279408455, 131490.125, 155831.03125, 85366.7265625, 121591.796875, 142528.03125, 103284.953125, -0.7520782351493835, 0.1087130755186081, 0.010169494897127151, 0.4586719274520874, -0.21235893666744232, 0.11818140745162964, 0.0, 0.0, 1.0, 1.402524471282959, 460.0, 0.0, 0.0, -0.7879072427749634, 0.3287420868873596, 0.8937973380088806, 0.06958846458968658
45451, 0.3912021517753601, -0.09366529434919357, 0.3127215802669525, 0.19122236967086792, -0.005139599088579416, 0.014118380844593048, 131491.734375, 155829.140625, 85354.1015625, 121593.328125, 142531.078125, 103283.640625, -0.3920257091522217, 0.2973882555961609, -0.3408384323120117, 0.8351832628250122, -0.13423094153404236, 0.4241918921470642, 0.0, 0.0, 1.0, 1.4463285207748413, 448.0, 0.0, 0.0, -0.788131833076477, 0.3292931914329529, 0.898298442363739, 0.07060436880951113
45471, 0.3962792158126831, -0.0941154882311821, 0.312244176864624, 0.19497139751911163, -0.004992790520191193, 0.010032621212303638, 131490.125, 155827.234375, 85360.0078125, 121585.875, 142527.53125, 103284.203125, -0.061715029180049896, 0.2592630386352539, -0.9568697214126587, 0.8324630260467529, -0.0956532433629036, 0.6182759404182434, 0.0, 0.0, 1.0, 1.4862382411956787, 448.0, 0.0, 0.0, -0.7883204817771912, 0.32992807030677795, 0.9028025269508362, 0.07424794262348021
45491, 0.4002971649169922, -0.09453481435775757, 0.3124189078807831, 0.19564270973205566, -0.004376404453068972, 0.007723820861428976, 131491.734375, 155829.140625, 85361.640625, 121592.671875, 142529.3125, 103285.515625, 0.2419617921113968, 0.23405544459819794, -1.0035592317581177, 0.7902191281318665, -0.16356420516967773, 0.860939085483551, 0.0, 0.0, 1.0, 1.5139837265014648, 448.0, 0.0, 0.0, -0.7883251905441284, 0.33007752895355225, 0.9063167572021484, 0.07243097712909204
45511, 0.4042663872241974, -0.09454162418842316, 0.3135316073894501, 0.1962728053331375, -0.0024482279550284147, 0.011565451510250568, 131486.265625, 155829.140625, 85360.8203125, 121586.75, 142527.03125, 103281.578125, 0.3041471242904663, 0.3278231918811798, -0.9248435497283936, 0.7992898225784302, -0.25453296303749084, 0.8927609324455261, 0.0, 0.0, 1.0, 1.562316656112671, 433.0, 0.0, 0.0, -0.7886596322059631, 0.3304124176502228, 0.9109033346176147, 0.071641895570956
45531, 0.40898922085762024, -0.09428837150335312, 0.31372353434562683, 0.1989516019821167, -0.00024268719425890595, 0.008983907289803028, 131495.21875, 155829.140625, 85360.0078125, 121593.984375, 142532.078125, 103282.890625, 0.5661537647247314, 0.41958215832710266, -0.872819185256958, 0.8785520195960999, -0.18085737526416779, 0.7374970316886902, 0.0, 0.0, 1.0, 1.5907318592071533, 433.0, 0.0, 0.0, -0.7884266376495361, 0.3308696150779724, 0.9143380522727966, 0.0766140513021945
45551, 0.411477655172348, -0.09437555819749832, 0.31387144327163696, 0.19524769484996796, 0.0008254066342487931, 0.004032934550195932, 131488.5, 155827.234375, 85361.890625, 121597.71875, 142527.53125, 103284.953125, 0.9347608685493469, 0.4019946753978729, -0.6916415095329285, 1.5641175508499146, -0.08980395644903183, 0.7547105550765991, 0.0, 0.0, 1.0, 1.5882983207702637, 422.0, 0.0, 0.0, -0.7882857918739319, 0.33116036653518677, 0.9193427562713623, 0.07072864184255084
45571, 0.4170891046524048, -0.09420649707317352, 0.3135322630405426, 0.19996370375156403, 0.002237612847238779, 0.000812213052995503, 131480.15625, 155827.234375, 85362.9609375, 121592.453125, 142531.578125, 103284.203125, 0.42227861285209656, 0.2874062657356262, -0.2898378372192383, 2.0826447010040283, -0.039791740477085114, 0.8081886768341064, 0.0, 0.0, 1.0, 1.5844945907592773, 422.0, 0.0, 0.0, -0.7884029150009155, 0.3311106860637665, 0.9226620197296143, 0.07293612466869989
45591, 0.42149817943573, -0.09389006346464157, 0.31349629163742065, 0.2010774314403534, 0.004243102390319109, -0.0037590826395899057, 131494.609375, 155827.234375, 85360.0078125, 121598.375, 142536.125, 103287.7734375, 0.32236894965171814, 0.1943381428718567, 0.03426444157958031, 2.575941562652588, 0.487459659576416, 0.9792695641517639, 0.0, 0.0, 1.0, 1.5706642866134644, 422.0, 0.0, 0.0, -0.7881244421005249, 0.33141830563545227, 0.9274688363075256, 0.07215980834548787
45611, 0.42587894201278687, -0.0940130427479744, 0.31443631649017334, 0.20192475616931915, 0.004628135822713375, -0.0010783941252157092, 131486.265625, 155825.34375, 85352.21875, 121593.984375, 142528.03125, 103282.890625, 0.5885754823684692, 0.013817943632602692, -0.2104042023420334, 3.0958282947540283, 0.752226710319519, 1.0215076208114624, 0.0, 0.0, 1.0, 1.5231517553329468, 406.0, 0.0, 0.0, -0.7879940867424011, 0.3316535949707031, 0.9323700070381165, 0.06896346707922532
45631, 0.4297832250595093, -0.09307367354631424, 0.3143746256828308, 0.2014065533876419, 0.0074086724780499935, -0.005084151402115822, 131488.5, 155827.234375, 85344.9375, 121588.0625, 142531.578125, 103284.953125, 0.4903776943683624, -0.13754190504550934, -1.203141689300537, 2.971034526824951, 0.7275243997573853, 0.8643750548362732, 0.0, 0.0, 1.0, 1.4847424030303955, 406.0, 0.0, 0.0, -0.7880871295928955, 0.33129116892814636, 0.9359310865402222, 0.07007024772541572
45651, 0.4349822402000427, -0.09210994839668274, 0.3137272596359253, 0.2045312225818634, 0.009922427125275135, -0.012068325653672218, 131486.875, 155827.234375, 85358.125, 121593.328125, 142536.125, 103284.953125, 0.44782590866088867, -0.15630261600017548, -1.6759440898895264, 3.1893980503082275, 1.002881646156311, 0.7635291218757629, 0.0, 0.0, 1.0, 1.4255963563919067, 406.0, 0.0, 0.0, -0.787886381149292, 0.33136940002441406, 0.9406759142875671, 0.07361969608532765
45671, 0.43898165225982666, -0.09247318655252457, 0.313468337059021, 0.20402021706104279, 0.008421149104833603, -0.01392564456909895, 131492.359375, 155827.234375, 85354.1015625, 121599.25, 142529.3125, 103289.84375, 0.6379474401473999, -0.16401973366737366, -1.503386378288269, 3.2551963329315186, 1.2437920570373535, 0.829444408416748, 0.0, 0.0, 1.0, 1.3683570623397827, 396.0, 0.0, 0.0, -0.7879257202148438, 0.3312532901763916, 0.9443644285202026, 0.06853741429780494
45691, 0.4432992935180664, -0.092388816177845, 0.3142413794994354, 0.20413927733898163, 0.00787259265780449, -0.011157196946442127, 131483.390625, 155825.34375, 85354.359375, 121592.453125, 142531.578125, 103280.8203125, 0.6202359199523926, -0.2685477137565613, -1.48794424533844, 3.34639048576355, 1.5394288301467896, 0.7044759392738342, 0.0, 0.0, 1.0, 1.3287822008132935, 396.0, 0.0, 0.0, -0.7879817485809326, 0.3306916654109955, 0.9490324258804321, 0.06684081116672222
45712, 0.4469998776912689, -0.09222621470689774, 0.31401368975639343, 0.2024586945772171, 0.0075575499795377254, -0.011747943237423897, 131492.984375, 155827.234375, 85347.640625, 121589.6015625, 142533.359375, 103280.8203125, 0.6498771905899048, -0.3522753417491913, -1.7639012336730957, 3.632305383682251, 1.8983782529830933, 0.13445690274238586, 0.0, 0.0, 1.0, 1.288093090057373, 396.0, 0.0, 0.0, -0.7877876162528992, 0.3308245837688446, 0.9537250995635986, 0.06951848211424315
45732, 0.4510350227355957, -0.09210288524627686, 0.31377726793289185, 0.20160366594791412, 0.007233929354697466, -0.01221458800137043, 131493.984375, 155827.234375, 85347.640625, 121593.109375, 142526.53125, 103287.7734375, 1.2836588621139526, -0.3108713924884796, -2.3122847080230713, 3.4603304862976074, 1.7431517839431763, -0.05681689828634262, 0.0, 0.0, 1.0, 1.2359623908996582, 379.0, 0.0, 0.0, -0.787748396396637, 0.330511212348938, 0.9574224352836609, 0.06454667933430436
45752, 0.45672670006752014, -0.09205679595470428, 0.3127731680870056, 0.20535032451152802, 0.006486185360699892, -0.016329774633049965, 131490.75, 155827.234375, 85347.640625, 121602.1015625, 142529.3125, 103286.2734375, 1.7295777797698975, -0.2650940716266632, -2.7230820655822754, 4.007857799530029, 1.3741613626480103, 0.04622851684689522, 0.0, 0.0, 1.0, 1.1669546365737915, 379.0, 0.0, 0.0, -0.7878103256225586, 0.33051931858062744, 0.9621925354003906, 0.06496491153562074
45771, 0.4600003659725189, -0.09187329560518265, 0.3124716579914093, 0.2023632526397705, 0.005876597017049789, -0.015480098314583302, 131488.5, 155831.03125, 85345.5, 121600.5703125, 142529.8125, 103284.953125, 1.8252174854278564, -0.001360289752483368, -3.132657051086426, 4.909173011779785, 1.2281520366668701, -0.056227151304483414, 0.0, 0.0, 1.0, 1.1071062088012695, 379.0, 0.0, 0.0, -0.7879840135574341, 0.3305070400238037, 0.9654607176780701, 0.062008546011927484
45791, 0.4650914967060089, -0.09227509051561356, 0.31286072731018066, 0.2047438621520996, 0.00337897427380085, -0.011060118675231934, 131492.359375, 155827.234375, 85354.359375, 121599.03125, 142532.578125, 103282.890625, 2.0091562271118164, 0.24144107103347778, -3.0412509441375732, 5.52983283996582, 1.2792034149169922, -0.3726506233215332, 0.0, 0.0, 1.0, 1.0359610319137573, 367.0, 0.0, 0.0, -0.7879787683486938, 0.330584317445755, 0.9704337120056152, 0.061707634883939516
45811, 0.4693964421749115, -0.09212200343608856, 0.3126544952392578, 0.20483559370040894, 0.0023040110245347023, -0.009590820409357548, 131481.78125, 155825.34375, 85350.5859375, 121596.1796875, 142531.078125, 103278.7578125, 1.8016648292541504, 0.14476454257965088, -2.59706974029541, 5.826131820678711, 1.3922698497772217, -1.0372743606567383, 0.0, 0.0, 1.0, 0.9818997383117676, 367.0, 0.0, 0.0, -0.7883368730545044, 0.3304232954978943, 0.975405752658844, 0.06361953794628099
45832, 0.47477567195892334, -0.09173321723937988, 0.31268197298049927, 0.20808260142803192, 0.0019851326942443848, -0.0069351037964224815, 131490.75, 155829.140625, 85347.640625, 121604.296875, 142525.765625, 103283.640625, 1.536049723625183, 0.17519038915634155, -2.5059123039245605, 6.37939977645874, 1.1047370433807373, -1.618677020072937, 0.0, 0.0, 1.0, 0.9338048696517944, 367.0, 0.0, 0.0, -0.7883214950561523, 0.33052903413772583, 0.9789594411849976, 0.062176897126665666
45852, 0.478127121925354, -0.09199845045804977, 0.3125700354576111, 0.2054681032896042, -4.961420927429572e-07, -0.005514804273843765, 131488.5, 155829.140625, 85348.703125, 121605.8359375, 142536.125, 103284.203125, 1.6886974573135376, 0.4249756634235382, -2.787947654724121, 7.407835006713867, 1.1316462755203247, -1.8610365390777588, 0.0, 0.0, 1.0, 0.8922545909881592, 356.0, 0.0, 0.0, -0.7886196374893188, 0.33049437403678894, 0.9836256504058838, 0.05972048061659961
45873, 0.4807322919368744, -0.09244977682828903, 0.3126758337020874, 0.2006111741065979, -0.0025289009790867567, -0.004971722606569529, 131487.875, 155827.234375, 85344.9375, 121593.984375, 142536.625, 103287.7734375, 1.9594422578811646, 0.4409732222557068, -2.750173568725586, 7.731017589569092, 1.7644068002700806, -1.876423716545105, 0.0, 0.0, 1.0, 0.8264173865318298, 356.0, 0.0, 0.0, -0.7891501784324646, 0.33018025755882263, 0.9885041117668152, 0.05824811747550487
45892, 0.4871220886707306, -0.09344381093978882, 0.31258174777030945, 0.20613455772399902, -0.0063501931726932526, -0.002135740825906396, 131492.984375, 155829.140625, 85347.640625, 121596.1796875, 142540.171875, 103283.640625, 1.9558840990066528, 0.5702634453773499, -2.5811195373535156, 7.465253829956055, 2.5500519275665283, -1.955199956893921, 0.0, 0.0, 1.0, 0.7756138443946838, 349.0, 0.0, 0.0, -0.789406418800354, 0.33058804273605347, 0.9923232793807983, 0.058295527950146975
45911, 0.49007749557495117, -0.09350313991308212, 0.3125514090061188, 0.2021808624267578, -0.007515355478972197, -0.001901403651572764, 131486.875, 155825.34375, 85339.0390625, 121595.5234375, 142541.171875, 103289.84375, 1.7442069053649902, 0.48012834787368774, -2.7199740409851074, 7.542858600616455, 2.986140727996826, -2.1434645652770996, 0.0, 0.0, 1.0, 0.7229619026184082, 349.0, 0.0, 0.0, -0.7897400856018066, 0.33065474033355713, 0.9970066547393799, 0.05692828030865193
45931, 0.4960152208805084, -0.09438164532184601, 0.3139559030532837, 0.2061654031276703, -0.01118521299213171, 0.005602795630693436, 131490.75, 155827.234375, 85339.0390625, 121595.3046875, 142532.078125, 103289.0859375, 1.9454354047775269, 0.19538256525993347, -3.0393898487091064, 7.554540157318115, 2.9117591381073, -2.0366337299346924, 0.0, 0.0, 1.0, 0.6928765773773193, 349.0, 0.0, 0.0, -0.7908331751823425, 0.3307294547557831, 1.008071780204773, 0.0563726175813782
45951, 0.5005269646644592, -0.09419906884431839, 0.3140439987182617, 0.20598359405994415, -0.011634205467998981, 0.004282520618289709, 131486.265625, 155827.234375, 85341.984375, 121596.8359375, 142534.359375, 103282.890625, 1.971847414970398, 0.272141695022583, -3.4130308628082275, 7.643856525421143, 3.170487642288208, -1.8165360689163208, 0.0, 0.0, 1.0, 0.6612074971199036, 338.0, 0.0, 0.0, -0.7911702990531921, 0.33070892095565796, 1.0105170011520386, 0.053077738614102685
45971, 0.5060931444168091, -0.09463519603013992, 0.3149251937866211, 0.20848917961120605, -0.013239596970379353, 0.009215367957949638, 131492.984375, 155825.34375, 85340.1015625, 121602.7578125, 142537.125, 103282.890625, 2.1303822994232178, 0.2422371804714203, -3.608497142791748, 8.135485649108887, 3.6796271800994873, -2.0040719509124756, 0.0, 0.0, 1.0, 0.639861524105072, 338.0, 0.0, 0.0, -0.791790783405304, 0.3307115435600281, 1.0140492916107178, 0.0556281718270264
45991, 0.5115652680397034, -0.09508175402879715, 0.31508374214172363, 0.21057623624801636, -0.014710198156535625, 0.008184628561139107, 131482.40625, 155825.34375, 85343.0546875, 121606.265625, 142528.03125, 103284.953125, 2.0623865127563477, 0.11772114783525467, -3.6452972888946533, 8.847555160522461, 3.5690929889678955, -2.4368205070495605, 0.0, 0.0, 1.0, 0.6251802444458008, 338.0, 0.0, 0.0, -0.7920753955841064, 0.33058053255081177, 1.0177541971206665, 0.055589315007090565
46011, 0.5154829025268555, -0.09597769379615784, 0.3135553002357483, 0.20829230546951294, -0.017310405150055885, -0.0023983244318515062, 131497.46875, 155829.140625, 85343.8671875, 121607.8046875, 142532.578125, 103284.203125, 2.2639737129211426, 0.23008215427398682, -3.388866424560547, 9.75467300415039, 3.2101967334747314, -2.779735803604126, 0.0, 0.0, 1.0, 0.6029571890830994, 326.0, 0.0, 0.0, -0.7923808693885803, 0.3307687044143677, 1.0201106071472168, 0.055221887994491965
46031, 0.520068347454071, -0.09566511958837509, 0.31348058581352234, 0.20794665813446045, -0.01633264124393463, -0.004126045852899551, 131487.875, 155827.234375, 85341.984375, 121599.6875, 142535.140625, 103288.3359375, 2.7600996494293213, 0.4450250267982483, -3.145171642303467, 10.179057121276855, 3.2876462936401367, -2.92594575881958, 0.0, 0.0, 1.0, 0.5910189151763916, 326.0, 0.0, 0.0, -0.7928705811500549, 0.33074951171875, 1.023774266242981, 0.053431322633491034
46051, 0.5251534581184387, -0.09720734506845474, 0.31442153453826904, 0.20895513892173767, -0.020206445828080177, 0.00022093229927122593, 131499.09375, 155825.34375, 85340.1015625, 121607.8046875, 142538.90625, 103279.5078125, 3.3004214763641357, 0.43009480834007263, -3.0653908252716064, 10.545783996582031, 3.708116292953491, -3.3530619144439697, 0.0, 0.0, 1.0, 0.5695343017578125, 326.0, 0.0, 0.0, -0.7934795618057251, 0.3309099078178406, 1.0273303985595703, 0.0559217872907039
46071, 0.5277523994445801, -0.09773856401443481, 0.3144184947013855, 0.20313985645771027, -0.02102517895400524, -0.0013828371884301305, 131490.75, 155827.234375, 85339.2890625, 121601.2265625, 142532.578125, 103284.3984375, 3.9500410556793213, 0.4253388047218323, -3.0707409381866455, 10.947429656982422, 3.9312524795532227, -3.9863500595092773, 0.0, 0.0, 1.0, 0.5776026844978333, 318.0, 0.0, 0.0, -0.7940561175346375, 0.3307764232158661, 1.0309048891067505, 0.05343080333355947
46091, 0.532425045967102, -0.09752525389194489, 0.31386634707450867, 0.20311889052391052, -0.01928536780178547, -0.0031919025350362062, 131502.578125, 155825.34375, 85342.2421875, 121600.5703125, 142541.171875, 103289.84375, 4.730510711669922, 0.42961305379867554, -2.8784713745117188, 10.885453224182129, 4.251408576965332, -3.9971888065338135, 0.0, 0.0, 1.0, 0.5645151138305664, 318.0, 0.0, 0.0, -0.7947105765342712, 0.33058780431747437, 1.0358880758285522, 0.054703381851857864
46112, 0.5358544588088989, -0.0981116071343422, 0.3137933611869812, 0.19917543232440948, -0.019282424822449684, -0.0038091286551207304, 131492.984375, 155823.4375, 85334.203125, 121604.078125, 142532.578125, 103283.640625, 5.556000709533691, 0.22778543829917908, -2.9185285568237305, 10.980948448181152, 4.53052282333374, -4.081361770629883, 0.0, 0.0, 1.0, 0.5362340807914734, 318.0, 0.0, 0.0, -0.7952956557273865, 0.3308379650115967, 1.0408204793930054, 0.053980521180136784
46131, 0.5422897934913635, -0.09848563373088837, 0.3136950135231018, 0.20423917472362518, -0.01873866654932499, -0.0035037219058722258, 131493.984375, 155825.34375, 85335.2734375, 121603.4140625, 142534.359375, 103293.21875, 5.810206413269043, 0.05736169219017029, -3.2708539962768555, 11.215642929077148, 4.387969493865967, -3.9974803924560547, 0.0, 0.0, 1.0, 0.5185235738754272, 306.0, 0.0, 0.0, -0.7959626913070679, 0.3306363821029663, 1.0441282987594604, 0.05464054551868113
46152, 0.5460885167121887, -0.09946708381175995, 0.3137494623661041, 0.2020704597234726, -0.019737977534532547, -0.0038035695906728506, 131501.328125, 155827.234375, 85341.171875, 121599.03125, 142534.359375, 103285.7109375, 6.51161527633667, 0.12903758883476257, -3.1144542694091797, 11.128698348999023, 4.356023788452148, -3.838134288787842, 0.0, 0.0, 1.0, 0.4832081198692322, 306.0, 0.0, 0.0, -0.7967002391815186, 0.33053135871887207, 1.0490357875823975, 0.052423921907087806
46172, 0.551358699798584, -0.09999730437994003, 0.3136526048183441, 0.2041638344526291, -0.019427314400672913, -0.004268786869943142, 131497.46875, 155827.234375, 85321.015625, 121607.8046875, 142532.078125, 103286.2734375, 7.335241317749023, 0.30795928835868835, -3.703813314437866, 10.954265594482422, 4.193145751953125, -4.078062057495117, 0.0, 0.0, 1.0, 0.4751891493797302, 306.0, 0.0, 0.0, -0.7970888614654541, 0.33046719431877136, 1.0538498163223267, 0.053485547628811685
46191, 0.5546497106552124, -0.10052505880594254, 0.31375443935394287, 0.20088927447795868, -0.019053027033805847, -0.0016384768532589078, 131492.359375, 155825.34375, 85329.6171875, 121604.078125, 142534.359375, 103286.4609375, 7.565319538116455, 0.36866849660873413, -4.801509857177734, 11.2838773727417, 4.398836135864258, -4.396705627441406, 0.0, 0.0, 1.0, 0.4601413905620575, 294.0, 0.0, 0.0, -0.7976901531219482, 0.3303137719631195, 1.0573753118515015, 0.05361769285331419
46212, 0.558650553226471, -0.10163141787052155, 0.31374144554138184, 0.19975809752941132, -0.020113978534936905, -4.31549888162408e-05, 131497.46875, 155825.34375, 85331.5, 121611.53125, 142534.359375, 103282.890625, 7.774379730224609, 0.3244522213935852, -5.106583595275879, 11.862629890441895, 4.704927444458008, -5.018444061279297, 0.0, 0.0, 1.0, 0.4409494996070862, 294.0, 0.0, 0.0, -0.7983218431472778, 0.330364853143692, 1.0622889995574951, 0.0549630620601554
46232, 0.5640138387680054, -0.10201000422239304, 0.31384938955307007, 0.20226632058620453, -0.01924136094748974, 0.0021798533853143454, 131495.21875, 155823.4375, 85332.5703125, 121601.8828125, 142538.90625, 103289.84375, 8.125880241394043, 0.18629607558250427, -5.13333797454834, 12.03111743927002, 4.870778560638428, -5.2940545082092285, 0.0, 0.0, 1.0, 0.4215916395187378, 294.0, 0.0, 0.0, -0.798798680305481, 0.3302667438983917, 1.066949725151062, 0.049867028955702004
46252, 0.5673742890357971, -0.1025375947356224, 0.3139083683490753, 0.19953912496566772, -0.01898431032896042, 0.0026780583430081606, 131497.46875, 155823.4375, 85321.015625, 121598.1484375, 142532.078125, 103284.3984375, 8.44225025177002, -0.035102128982543945, -5.670899391174316, 11.661904335021973, 4.883005619049072, -5.41039514541626, 0.0, 0.0, 1.0, 0.407284677028656, 280.0, 0.0, 0.0, -0.7994305491447449, 0.3305334746837616, 1.0702638626098633, 0.05401247101224106
46272, 0.5727001428604126, -0.10342659801244736, 0.31358492374420166, 0.20218943059444427, -0.019695566967129707, 0.002335249911993742, 131488.5, 155825.34375, 85332.5703125, 121600.5703125, 142534.859375, 103278.1953125, 8.348336219787598, -0.11519738286733627, -6.069589138031006, 11.248976707458496, 4.66024112701416, -6.2012529373168945, 0.0, 0.0, 1.0, 0.3919120728969574, 280.0, 0.0, 0.0, -0.8001803159713745, 0.33015790581703186, 1.075085163116455, 0.05209148146011525
46291, 0.5775975584983826, -0.10341666638851166, 0.31363213062286377, 0.20384322106838226, -0.018161162734031677, 0.0031953719444572926, 131499.09375, 155825.34375, 85328.8046875, 121599.6875, 142536.125, 103283.640625, 7.9459919929504395, -0.06986644864082336, -5.965893745422363, 10.958815574645996, 4.684689044952393, -6.975827693939209, 0.0, 0.0, 1.0, 0.3763461112976074, 266.0, 0.0, 0.0, -0.8004606366157532, 0.33057188987731934, 1.078627347946167, 0.05018585730920346
46311, 0.58180832862854, -0.1047726720571518, 0.3137035071849823, 0.2038831114768982, -0.02030131034553051, 0.00466765696182847, 131491.359375, 155825.34375, 85328.5546875, 121601.2265625, 142532.578125, 103280.8203125, 7.972549915313721, -0.23489528894424438, -6.34039831161499, 10.728008270263672, 4.571599960327148, -7.544618129730225, 0.0, 0.0, 1.0, 0.3422812223434448, 266.0, 0.0, 0.0, -0.8013342618942261, 0.33018144965171814, 1.083250880241394, 0.05166099638258276
46332, 0.5863617658615112, -0.10470153391361237, 0.31223559379577637, 0.20502044260501862, -0.01876659505069256, -0.0031934601720422506, 131492.984375, 155825.34375, 85327.734375, 121595.3046875, 142529.8125, 103283.640625, 7.945229530334473, -0.5864359140396118, -6.806711196899414, 10.265873908996582, 4.109241962432861, -8.078434944152832, 0.0, 0.0, 1.0, 0.30751216411590576, 266.0, 0.0, 0.0, -0.8016890287399292, 0.33039844036102295, 1.0869643688201904, 0.04944387995265307
46352, 0.5910195708274841, -0.105186328291893, 0.312183678150177, 0.20649808645248413, -0.01865544728934765, -0.0012507776264101267, 131497.46875, 155825.34375, 85323.96875, 121597.4921875, 142540.671875, 103278.953125, 8.087761878967285, -0.5683552026748657, -7.021510124206543, 9.635414123535156, 4.14973783493042, -8.686118125915527, 0.0, 0.0, 1.0, 0.26747918128967285, 261.0, 0.0, 0.0, -0.8024905323982239, 0.33043259382247925, 1.0917859077453613, 0.04936089632505697
46371, 0.5946730375289917, -0.10587473213672638, 0.3125324249267578, 0.2052944004535675, -0.019046064466238022, 0.003158195875585079, 131505.8125, 155827.234375, 85325.6015625, 121597.4921875, 142541.171875, 103287.7734375, 8.689274787902832, -0.43646395206451416, -7.345180511474609, 9.189584732055664, 4.821377754211426, -9.020536422729492, 0.0, 0.0, 1.0, 0.25308263301849365, 261.0, 0.0, 0.0, -0.8029671311378479, 0.33021435141563416, 1.0952115058898926, 0.05050207523042449
46391, 0.5993069410324097, -0.10586206614971161, 0.3126102685928345, 0.2065792977809906, -0.017613539472222328, 0.005509957205504179, 131489.125, 155825.34375, 85312.671875, 121606.265625, 142543.953125, 103281.578125, 8.974161148071289, -0.5244215130805969, -7.719385147094727, 9.279726028442383, 5.596062660217285, -9.197287559509277, 0.0, 0.0, 1.0, 0.24446940422058105, 261.0, 0.0, 0.0, -0.8036895990371704, 0.33037102222442627, 1.100280523300171, 0.0469053383375854
46411, 0.6042999029159546, -0.10679564625024796, 0.31283628940582275, 0.2087133824825287, -0.018590597435832024, 0.00776373315602541, 131499.09375, 155827.234375, 85319.1328125, 121600.34375, 142541.171875, 103282.328125, 9.23079776763916, -0.3791462481021881, -8.032411575317383, 9.51137924194336, 6.276558876037598, -9.689115524291992, 0.0, 0.0, 1.0, 0.24571654200553894, 242.0, 0.0, 0.0, -0.8042334914207458, 0.33045825362205505, 1.1049484014511108, 0.04747753395675357
46431, 0.6089769601821899, -0.10806015878915787, 0.31301841139793396, 0.20995144546031952, -0.020291773602366447, 0.010745612904429436, 131494.609375, 155825.34375, 85319.1328125, 121599.6875, 142536.625, 103278.953125, 9.518568992614746, -0.13366574048995972, -8.397100448608398, 9.336219787597656, 6.460621356964111, -10.301077842712402, 0.0, 0.0, 1.0, 0.26677456498146057, 242.0, 0.0, 0.0, -0.8048100471496582, 0.3306956887245178, 1.1086571216583252, 0.05171511275906328
46451, 0.6134243607521057, -0.10823412984609604, 0.3132493793964386, 0.21054185926914215, -0.019148964434862137, 0.013006436638534069, 131489.125, 155829.140625, 85322.0859375, 121605.609375, 142532.578125, 103289.0859375, 9.215208053588867, 0.20053550601005554, -8.473852157592773, 9.629386901855469, 6.416449546813965, -10.797128677368164, 0.0, 0.0, 1.0, 0.28254497051239014, 242.0, 0.0, 0.0, -0.8055137991905212, 0.33086127042770386, 1.1134214401245117, 0.046849155017773564
46471, 0.6184934377670288, -0.10939253121614456, 0.3151194155216217, 0.21270114183425903, -0.020719772204756737, 0.021968794986605644, 131492.359375, 155823.4375, 85320.203125, 121605.609375, 142537.125, 103280.265625, 8.82287883758545, 0.39821046590805054, -8.401256561279297, 9.83076286315918, 6.242068767547607, -11.380731582641602, 0.0, 0.0, 1.0, 0.32022824883461, 235.0, 0.0, 0.0, -0.8059713840484619, 0.3313382565975189, 1.1170984506607056, 0.049656683939064535
46491, 0.623000979423523, -0.10963954776525497, 0.3155687153339386, 0.212701678276062, -0.01969156786799431, 0.020882777869701385, 131494.234375, 155823.4375, 85312.671875, 121598.1484375, 142538.90625, 103278.1953125, 8.766913414001465, 0.2604990005493164, -8.78743839263916, 9.418357849121094, 6.152307033538818, -12.231897354125977, 0.0, 0.0, 1.0, 0.365043580532074, 235.0, 0.0, 0.0, -0.8067124485969543, 0.3316396474838257, 1.1222379207611084, 0.05254772827560365
46511, 0.6262368559837341, -0.10994882881641388, 0.3160906732082367, 0.20966951549053192, -0.018681896850466728, 0.021575741469860077, 131498.09375, 155825.34375, 85322.3359375, 121596.8359375, 142541.671875, 103281.015625, 8.766913414001465, 0.2604990005493164, -8.78743839263916, 8.931777954101562, 6.477797508239746, -12.780133247375488, 0.0, 0.0, 1.0, 0.4005779027938843, 235.0, 0.0, 0.0, -0.8073890209197998, 0.33168458938598633, 1.1269068717956543, 0.05228935578089784
46531, 0.6307196617126465, -0.11015080660581589, 0.31651464104652405, 0.20950143039226532, -0.01724463514983654, 0.021791385486721992, 131508.671875, 155825.34375, 85309.71875, 121604.734375, 142543.453125, 103282.328125, 9.044663429260254, 0.2544316053390503, -8.929666519165039, 8.862159729003906, 7.016388893127441, -13.058754920959473, 0.0, 0.0, 1.0, 0.4387548565864563, 219.0, 0.0, 0.0, -0.8088197708129883, 0.33231550455093384, 1.1391708850860596, 0.05528705231007467
46551, 0.6352626085281372, -0.11098567396402359, 0.31665295362472534, 0.20903131365776062, -0.017249077558517456, 0.02016637846827507, 131491.359375, 155825.34375, 85323.96875, 121605.609375, 142537.125, 103276.1328125, 10.108182907104492, 0.365165650844574, -9.142149925231934, 9.286324501037598, 7.229956150054932, -13.606364250183105, 0.0, 0.0, 1.0, 0.4791477620601654, 219.0, 0.0, 0.0, -0.8095729947090149, 0.3325119614601135, 1.1440213918685913, 0.05576759571779765
46571, 0.6391141414642334, -0.11159966886043549, 0.3170382082462311, 0.20626391470432281, -0.016539227217435837, 0.01844157837331295, 131492.984375, 155823.4375, 85322.90625, 121601.2265625, 142541.671875, 103284.3984375, 10.674148559570312, 0.47194960713386536, -9.157759666442871, 9.455711364746094, 7.310953140258789, -14.000120162963867, 0.0, 0.0, 1.0, 0.5180981159210205, 206.0, 0.0, 0.0, -0.8098758459091187, 0.3325952887535095, 1.1475178003311157, 0.05595108624537164
46591, 0.6426537036895752, -0.11272688955068588, 0.3177262544631958, 0.2028188556432724, -0.01714799553155899, 0.02037573792040348, 131497.46875, 155823.4375, 85313.484375, 121617.234375, 142537.125, 103281.578125, 10.294257164001465, 0.4676534831523895, -8.347105979919434, 10.252285957336426, 7.374718189239502, -14.066761016845703, 0.0, 0.0, 1.0, 0.5674177408218384, 206.0, 0.0, 0.0, -0.8100954294204712, 0.332647442817688, 1.149922490119934, 0.0588464485975295
46612, 0.6477128863334656, -0.11311358958482742, 0.31811413168907166, 0.2031155526638031, -0.015896329656243324, 0.019405987113714218, 131522.125, 155827.234375, 85301.375, 121627.546875, 142537.625, 103285.7109375, 10.304620742797852, 0.3648083806037903, -8.139307975769043, 12.433405876159668, 7.194939613342285, -14.076183319091797, 0.0, 0.0, 1.0, 0.6248865723609924, 206.0, 0.0, 0.0, -0.8104512095451355, 0.3328404128551483, 1.1534717082977295, 0.0591785760899752
46632, 0.6532836556434631, -0.11344964057207108, 0.31847500801086426, 0.2043316811323166, -0.014917902648448944, 0.016967983916401863, 131513.15625, 155821.546875, 85303.2578125, 121623.8125, 142534.859375, 103278.1953125, 11.959979057312012, 0.4962118864059448, -9.089475631713867, 14.727564811706543, 6.900547027587891, -14.299609184265137, 0.0, 0.0, 1.0, 0.6797739267349243, 189.0, 0.0, 0.0, -0.8105674386024475, 0.332499235868454, 1.1565946340560913, 0.05538353785688209
46651, 0.6567474603652954, -0.1133873388171196, 0.31766369938850403, 0.19977355003356934, -0.013132472522556782, 0.008288798853754997, 131513.78125, 155825.34375, 85307.0234375, 121623.8125, 142541.171875, 103284.3984375, 14.314931869506836, 0.5155028104782104, -10.428376197814941, 16.539207458496094, 6.831578731536865, -14.595988273620605, 0.0, 0.0, 1.0, 0.7514437437057495, 189.0, 0.0, 0.0, -0.810746431350708, 0.3328949511051178, 1.1603443622589111, 0.057159774165552485
46672, 0.6598871946334839, -0.11401543021202087, 0.31780681014060974, 0.19458527863025665, -0.013090278953313828, 0.0041519105434417725, 131514.40625, 155823.4375, 85302.1875, 121642.8984375, 142537.625, 103281.015625, 15.933669090270996, 0.43531107902526855, -11.215957641601562, 19.208271026611328, 6.918607234954834, -14.723816871643066, 0.0, 0.0, 1.0, 0.8073223233222961, 189.0, 0.0, 0.0, -0.8109034299850464, 0.33279702067375183, 1.1625701189041138, 0.058822643554665634
46692, 0.6634896397590637, -0.11497034132480621, 0.317048043012619, 0.19053509831428528, -0.013929316774010658, -0.0031823408789932728, 131517.640625, 155821.546875, 85301.375, 121634.78125, 142533.078125, 103277.4453125, 17.43901824951172, 0.47926467657089233, -11.892690658569336, 22.388469696044922, 7.245301723480225, -15.210851669311523, 0.0, 0.0, 1.0, 0.8645268082618713, 179.0, 0.0, 0.0, -0.8113399744033813, 0.33273619413375854, 1.1658872365951538, 0.060493713829616116
46712, 0.6689732074737549, -0.11513569205999374, 0.31692707538604736, 0.19155588746070862, -0.012841840274631977, -0.007419909816235304, 131527.859375, 155823.4375, 85295.4765625, 121632.5859375, 142539.90625, 103282.328125, 18.989791870117188, 0.3126041889190674, -12.729177474975586, 25.351900100708008, 7.655745983123779, -15.634695053100586, 0.0, 0.0, 1.0, 0.922174334526062, 179.0, 0.0, 0.0, -0.8115354776382446, 0.33202576637268066, 1.1691166162490845, 0.06025143146110192
46731, 0.6707486510276794, -0.11562202125787735, 0.3155653178691864, 0.18297146260738373, -0.012817734852433205, -0.01865474507212639, 131525.609375, 155825.34375, 85295.4765625, 121647.0625, 142537.125, 103278.1953125, 21.12071418762207, 0.1733180284500122, -13.766692161560059, 28.2071475982666, 8.011545181274414, -16.3409481048584, 0.0, 0.0, 1.0, 0.9739375114440918, 179.0, 0.0, 0.0, -0.8117974996566772, 0.33200448751449585, 1.172379493713379, 0.061401264100458805
46751, 0.6760786771774292, -0.11596240848302841, 0.3151562809944153, 0.18287673592567444, -0.013022206723690033, -0.021352078765630722, 131522.75, 155823.4375, 85301.375, 121642.8984375, 142535.359375, 103280.265625, 23.45549201965332, 0.27253323793411255, -14.935531616210938, 30.890270233154297, 8.518610000610352, -17.064176559448242, 0.0, 0.0, 1.0, 1.0155998468399048, 169.0, 0.0, 0.0, -0.8120527863502502, 0.3314313292503357, 1.1765459775924683, 0.06497221604281951
46771, 0.6788060665130615, -0.11622771620750427, 0.3135591447353363, 0.17479944229125977, -0.01469111442565918, -0.027981972321867943, 131524.984375, 155825.34375, 85299.4921875, 121647.28125, 142535.84375, 103274.8203125, 25.23189926147461, 0.3691665530204773, -15.554773330688477, 33.49269104003906, 8.402626991271973, -17.61116600036621, 0.0, 0.0, 1.0, 1.0697808265686035, 169.0, 0.0, 0.0, -0.812360405921936, 0.3308534026145935, 1.1793111562728882, 0.06584347170004148
46791, 0.6840209364891052, -0.11582790315151215, 0.3130096197128296, 0.17154750227928162, -0.01690659485757351, -0.026974599808454514, 131545.15625, 155821.546875, 85298.421875, 121655.1796875, 142532.578125, 103283.640625, 27.270227432250977, 0.3559412956237793, -16.06525993347168, 36.132591247558594, 7.678440570831299, -17.927812576293945, 0.0, 0.0, 1.0, 1.134879231452942, 169.0, 0.0, 0.0, -0.8125233054161072, 0.3303688168525696, 1.1832624673843384, 0.06538581310565238
46811, 0.6870161890983582, -0.11515697836875916, 0.31187868118286133, 0.16096347570419312, -0.020061619579792023, -0.031208675354719162, 131527.234375, 155821.546875, 85292.7734375, 121645.75, 142526.765625, 103281.578125, 29.44778060913086, 0.2461385726928711, -16.97758674621582, 38.359256744384766, 6.515632152557373, -17.849536895751953, 0.0, 0.0, 1.0, 1.2268763780593872, 161.0, 0.0, 0.0, -0.8130182027816772, 0.3299160301685333, 1.1868816614151, 0.06957691202616947
46831, 0.6896172761917114, -0.11582667380571365, 0.31128188967704773, 0.14803285896778107, -0.028117548674345016, -0.02837139368057251, 131533.953125, 155825.34375, 85279.59375, 121667.6796875, 142537.125, 103277.4453125, 30.897836685180664, 0.1573472023010254, -18.170856475830078, 41.00886535644531, 5.7328691482543945, -18.150941848754883, 0.0, 0.0, 1.0, 1.3221120834350586, 161.0, 0.0, 0.0, -0.81339031457901, 0.3297533690929413, 1.189226746559143, 0.07282247342840698
46851, 0.6919687390327454, -0.11725614219903946, 0.3107565641403198, 0.13359029591083527, -0.03906348720192909, -0.023803604766726494, 131536.203125, 155823.4375, 85285.2421875, 121660.4453125, 142539.40625, 103278.1953125, 33.27503204345703, 0.08726371079683304, -19.885196685791016, 44.15553665161133, 5.744288444519043, -18.630380630493164, 0.0, 0.0, 1.0, 1.4365646839141846, 161.0, 0.0, 0.0, -0.8143347501754761, 0.3291850984096527, 1.192314863204956, 0.07436344659589018
46871, 0.6945731043815613, -0.11781124025583267, 0.31265750527381897, 0.11980205029249191, -0.048582591116428375, -0.009111332707107067, 131527.859375, 155827.234375, 85268.3046875, 121659.5625, 142531.296875, 103271.4375, 36.184906005859375, -0.07278423011302948, -21.802396774291992, 46.45444107055664, 5.418837070465088, -19.415441513061523, 0.0, 0.0, 1.0, 1.5649296045303345, 162.0, 0.0, 0.0, -0.8154855370521545, 0.32855361700057983, 1.1951818466186523, 0.07658164185703138
46892, 0.696638286113739, -0.11815153062343597, 0.3125061094760895, 0.10498872399330139, -0.05760692432522774, -0.006630210671573877, 131537.8125, 155823.4375, 85267.484375, 121680.84375, 142533.078125, 103282.328125, 38.405662536621094, -0.2059161365032196, -23.65760612487793, 49.60707092285156, 4.767436504364014, -19.899229049682617, 0.0, 0.0, 1.0, 1.7193963527679443, 162.0, 0.0, 0.0, -0.8165280818939209, 0.32887113094329834, 1.1967347860336304, 0.08076091647317443
46912, 0.699118971824646, -0.1199188083410263, 0.31341227889060974, 0.09097110480070114, -0.07020436227321625, -0.0007987223216332495, 131539.0625, 155823.4375, 85276.6484375, 121675.796875, 142528.53125, 103283.0859375, 40.13936996459961, -0.10095787793397903, -25.31853485107422, 53.2804069519043, 4.027345657348633, -19.691543579101562, 0.0, 0.0, 1.0, 1.8845080137252808, 153.0, 0.0, 0.0, -0.8182908296585083, 0.3284430205821991, 1.198751449584961, 0.0822613038392513
46932, 0.7007065415382385, -0.12178856879472733, 0.3134128749370575, 0.07650994509458542, -0.08252158015966415, 0.0005763265071436763, 131544.171875, 155819.65625, 85277.7109375, 121678.6484375, 142528.53125, 103274.0625, 42.2890510559082, 0.0010493621230125427, -26.6217041015625, 56.373714447021484, 3.108672857284546, -19.99350357055664, 0.0, 0.0, 1.0, 2.0190234184265137, 153.0, 0.0, 0.0, -0.8196272253990173, 0.328377366065979, 1.1997873783111572, 0.07956703211169834
46952, 0.7033435106277466, -0.1238863468170166, 0.3144615590572357, 0.06578528881072998, -0.0948561578989029, 0.006352758966386318, 131543.546875, 155823.4375, 85272.0625, 121675.578125, 142531.796875, 103274.8203125, 45.02470779418945, 0.10036231577396393, -28.01664924621582, 58.937767028808594, 2.28952956199646, -21.17122459411621, 0.0, 0.0, 1.0, 2.1764514446258545, 153.0, 0.0, 0.0, -0.8217988014221191, 0.32814645767211914, 1.20143461227417, 0.08706786903040979
46972, 0.7046172618865967, -0.12692444026470184, 0.31459054350852966, 0.05255480855703354, -0.1084977388381958, 0.007405694108456373, 131551.890625, 155821.546875, 85271.8125, 121677.7734375, 142529.03125, 103276.8828125, 46.83230972290039, 0.3038254678249359, -29.358051300048828, 61.41407012939453, 1.7143770456314087, -22.23513412475586, 0.0, 0.0, 1.0, 2.354597568511963, 158.0, 0.0, 0.0, -0.8233678936958313, 0.32818520069122314, 1.2022879123687744, 0.08843931585883978
46991, 0.7065545916557312, -0.12962865829467773, 0.3144564628601074, 0.04214451462030411, -0.12025664001703262, 0.005432250909507275, 131557.375, 155823.4375, 85274.765625, 121670.53125, 142532.578125, 103274.8203125, 48.44693374633789, 0.2788155674934387, -30.346519470214844, 64.05738830566406, 1.456573486328125, -22.509122848510742, 0.0, 0.0, 1.0, 2.5354437828063965, 158.0, 0.0, 0.0, -0.8260614275932312, 0.3279244899749756, 1.2028542757034302, 0.09582123656615119
47011, 0.708220362663269, -0.13219840824604034, 0.3145346939563751, 0.032038282603025436, -0.1305520087480545, 0.003759317798539996, 131558.609375, 155825.34375, 85273.1328125, 121688.9609375, 142528.53125, 103273.5078125, 50.6336784362793, 0.2652295231819153, -30.974424362182617, 66.35260009765625, 0.839950680732727, -22.378129959106445, 0.0, 0.0, 1.0, 2.732455015182495, 158.0, 0.0, 0.0, -0.8288533091545105, 0.3277491629123688, 1.2032063007354736, 0.0986257834554054
47031, 0.7080989480018616, -0.1353612244129181, 0.3145919442176819, 0.018389441072940826, -0.14125412702560425, 0.002020167885348201, 131558.609375, 155823.4375, 85259.703125, 121674.265625, 142533.578125, 103281.015625, 52.92548370361328, 0.47589951753616333, -31.359941482543945, 67.89229583740234, 0.31779783964157104, -22.19499397277832, 0.0, 0.0, 1.0, 2.9186971187591553, 136.0, 0.0, 0.0, -0.8311206102371216, 0.32792216539382935, 1.203497290611267, 0.09800339935013011
47051, 0.7091864943504333, -0.13705816864967346, 0.3135468363761902, 0.008819629438221455, -0.14740784466266632, -0.004051834344863892, 131545.78125, 155823.4375, 85258.890625, 121684.3515625, 142522.21875, 103278.1953125, 54.999515533447266, 0.6712657809257507, -32.4539680480957, 69.27951049804688, -0.2752259373664856, -22.20980453491211, 0.0, 0.0, 1.0, 3.0987634658813477, 136.0, 0.0, 0.0, -0.8343324065208435, 0.3276151418685913, 1.203578233718872, 0.10099646918744873
47071, 0.707538902759552, -0.14111767709255219, 0.31343916058540344, -0.006617104634642601, -0.1584884524345398, -0.006114867515861988, 131552.515625, 155829.140625, 85260.7734375, 121688.9609375, 142534.859375, 103274.0625, 56.08578872680664, 0.7454127073287964, -34.12996292114258, 71.28507995605469, -0.7315537929534912, -22.633277893066406, 0.0, 0.0, 1.0, 3.293006181716919, 136.0, 0.0, 0.0, -0.8369854688644409, 0.3272424340248108, 1.2032792568206787, 0.10491924018969091
47091, 0.7080878019332886, -0.14418531954288483, 0.31271228194236755, -0.015242515131831169, -0.1655604988336563, -0.011689706705510616, 131552.515625, 155819.65625, 85261.5859375, 121690.2734375, 142533.078125, 103276.1328125, 56.674659729003906, 1.1410585641860962, -35.457550048828125, 73.34258270263672, -0.5261398553848267, -23.143218994140625, 0.0, 0.0, 1.0, 3.484661340713501, 134.0, 0.0, 0.0, -0.8403207063674927, 0.32724958658218384, 1.2027618885040283, 0.10728611929736091
47111, 0.7077778577804565, -0.14710718393325806, 0.3124731183052063, -0.025029102340340614, -0.17123575508594513, -0.012272199615836143, 131557.0, 155823.4375, 85269.3671875, 121685.234375, 142530.3125, 103271.4375, 57.54517364501953, 1.2868131399154663, -36.382957458496094, 74.9009780883789, -0.6016666889190674, -23.761219024658203, 0.0, 0.0, 1.0, 3.6683950424194336, 134.0, 0.0, 0.0, -0.844217836856842, 0.3271905779838562, 1.2019954919815063, 0.11213839766827392
47132, 0.7064471244812012, -0.15241029858589172, 0.3121265172958374, -0.03607562556862831, -0.18168123066425323, -0.012025846168398857, 131553.140625, 155823.4375, 85264.5390625, 121696.203125, 142529.03125, 103279.5078125, 58.53803253173828, 1.1023741960525513, -36.618228912353516, 76.55992126464844, -0.8990783095359802, -24.136281967163086, 0.0, 0.0, 1.0, 3.7956275939941406, 134.0, 0.0, 0.0, -0.8468733429908752, 0.326728492975235, 1.2013263702392578, 0.11302059048945515
47152, 0.7065283060073853, -0.15673211216926575, 0.3118615746498108, -0.041878774762153625, -0.18888068199157715, -0.014651458710432053, 131554.125, 155821.546875, 85267.234375, 121690.9296875, 142530.8125, 103277.4453125, 59.42106628417969, 1.1599549055099487, -36.55954360961914, 78.29317474365234, -1.1367241144180298, -24.14749526977539, 0.0, 0.0, 1.0, 3.9222328662872314, 135.0, 0.0, 0.0, -0.8505952954292297, 0.32682493329048157, 1.2004221677780151, 0.11469477213741737
47171, 0.7068301439285278, -0.1599973887205124, 0.3115629553794861, -0.04577508196234703, -0.19259467720985413, -0.01581653766334057, 131555.375, 155821.546875, 85256.1875, 121696.859375, 142529.03125, 103274.8203125, 60.008636474609375, 1.112372636795044, -36.52690887451172, 79.8073501586914, -1.3493629693984985, -24.438570022583008, 0.0, 0.0, 1.0, 4.03268575668335, 135.0, 0.0, 0.0, -0.8533746004104614, 0.32658857107162476, 1.1991835832595825, 0.11585041108364583
47191, 0.7045336365699768, -0.16309738159179688, 0.31014159321784973, -0.05480511486530304, -0.19540700316429138, -0.021646441891789436, 131556.375, 155823.4375, 85252.171875, 121692.46875, 142534.859375, 103266.5546875, 60.62175369262695, 0.9715235829353333, -36.86764907836914, 81.17581939697266, -1.311448335647583, -25.32752799987793, 0.0, 0.0, 1.0, 4.151521682739258, 135.0, 0.0, 0.0, -0.857409656047821, 0.3263095021247864, 1.1982452869415283, 0.1201731777365874
47211, 0.7030648589134216, -0.1668187528848648, 0.3097292482852936, -0.060261037200689316, -0.19839522242546082, -0.01950140856206417, 131555.375, 155819.65625, 85258.640625, 121690.2734375, 142533.578125, 103277.4453125, 61.257957458496094, 0.961260974407196, -37.91783905029297, 81.9188003540039, -0.7657859325408936, -25.8250732421875, 0.0, 0.0, 1.0, 4.236095905303955, 131.0, 0.0, 0.0, -0.8614593744277954, 0.32604876160621643, 1.1968742609024048, 0.11899011695880778
47231, 0.7025952935218811, -0.1697014719247818, 0.30946967005729675, -0.06173297017812729, -0.19854801893234253, -0.01819654554128647, 131564.71875, 155819.65625, 85257.8203125, 121700.5859375, 142527.25, 103276.8828125, 61.78729248046875, 0.853635311126709, -38.60895538330078, 82.39088439941406, -0.6846434473991394, -25.858671188354492, 0.0, 0.0, 1.0, 4.326855659484863, 131.0, 0.0, 0.0, -0.8644426465034485, 0.3263297975063324, 1.1956909894943237, 0.1249227320869936
47251, 0.7010216116905212, -0.17349837720394135, 0.30913397669792175, -0.0647677332162857, -0.20017053186893463, -0.01585056632757187, 131554.75, 155821.546875, 85258.890625, 121695.3203125, 142530.8125, 103273.5078125, 62.691932678222656, 0.5530930161476135, -38.80123519897461, 82.90643310546875, -0.8711889982223511, -26.16876983642578, 0.0, 0.0, 1.0, 4.418064117431641, 143.0, 0.0, 0.0, -0.8685494661331177, 0.32565322518348694, 1.1943752765655518, 0.12539770541254847
47271, 0.7006076574325562, -0.1773659884929657, 0.3088523745536804, -0.06350721418857574, -0.20057819783687592, -0.013393194414675236, 131557.0, 155821.546875, 85255.9375, 121702.125, 142530.03125, 103280.453125, 63.42311477661133, 0.4014599323272705, -38.8552131652832, 83.42359924316406, -1.222841739654541, -26.300138473510742, 0.0, 0.0, 1.0, 4.489487648010254, 143.0, 0.0, 0.0, -0.8714075684547424, 0.3257330656051636, 1.1933860778808594, 0.12443179964437462
47291, 0.6976897716522217, -0.18395638465881348, 0.3085731565952301, -0.06760239601135254, -0.2069869339466095, -0.012991989962756634, 131550.890625, 155819.65625, 85253.2421875, 121690.9296875, 142529.03125, 103274.8203125, 62.875553131103516, 0.38205477595329285, -39.376792907714844, 83.7312240600586, -1.6925222873687744, -26.78123664855957, 0.0, 0.0, 1.0, 4.552268981933594, 143.0, 0.0, 0.0, -0.8755784034729004, 0.32559892535209656, 1.191895842552185, 0.12841861891910003
47311, 0.6963241696357727, -0.1867564469575882, 0.30901139974594116, -0.06637638062238693, -0.20292042195796967, -0.007893112488090992, 131543.546875, 155819.65625, 85255.9375, 121696.203125, 142529.03125, 103271.4375, 61.846778869628906, 0.26674965023994446, -40.281131744384766, 84.15007781982422, -1.8533267974853516, -27.52996826171875, 0.0, 0.0, 1.0, 4.608263969421387, 147.0, 0.0, 0.0, -0.8794623613357544, 0.32540225982666016, 1.1905821561813354, 0.12730352255826105
47332, 0.6950305104255676, -0.19096782803535461, 0.30887430906295776, -0.06428351998329163, -0.20196057856082916, -0.005291634239256382, 131552.515625, 155819.65625, 85256.7578125, 121694.6640625, 142527.25, 103274.8203125, 61.05971908569336, 0.06644642353057861, -40.40317153930664, 84.66730499267578, -2.198150157928467, -27.901458740234375, 0.0, 0.0, 1.0, 4.63987398147583, 147.0, 0.0, 0.0, -0.8822707533836365, 0.325516015291214, 1.1896556615829468, 0.1263884252263086
47351, 0.6948598027229309, -0.19437405467033386, 0.30880385637283325, -0.058454789221286774, -0.19837191700935364, -0.003006172366440296, 131543.546875, 155823.4375, 85247.59375, 121696.859375, 142528.53125, 103276.8828125, 60.54409408569336, 0.11072484403848648, -40.439456939697266, 85.097412109375, -2.533282995223999, -27.937976837158203, 0.0, 0.0, 1.0, 4.629039764404297, 147.0, 0.0, 0.0, -0.8859561681747437, 0.32512855529785156, 1.1884260177612305, 0.12596041100997651
47371, 0.692978024482727, -0.19707421958446503, 0.3071001172065735, -0.05655812472105026, -0.19341719150543213, -0.011233909986913204, 131545.78125, 155821.546875, 85247.59375, 121703.4375, 142526.765625, 103275.5703125, 59.602664947509766, 0.26623377203941345, -41.05033493041992, 85.90808868408203, -2.8578057289123535, -27.942049026489258, 0.0, 0.0, 1.0, 4.606835842132568, 156.0, 0.0, 0.0, -0.8888483047485352, 0.325332373380661, 1.187449336051941, 0.12743687418381508
47391, 0.6927429437637329, -0.20102529227733612, 0.30688974261283875, -0.049945347011089325, -0.1913941353559494, -0.008974624797701836, 131541.921875, 155817.75, 85263.71875, 121696.859375, 142531.296875, 103278.1953125, 58.95204162597656, 0.30708298087120056, -41.18370056152344, 86.5610580444336, -2.9902825355529785, -27.88561248779297, 0.0, 0.0, 1.0, 4.569379806518555, 156.0, 0.0, 0.0, -0.8925637006759644, 0.3253993093967438, 1.1863452196121216, 0.12699008314664237
47411, 0.6920777559280396, -0.20438696444034576, 0.30681872367858887, -0.044303346425294876, -0.1880744993686676, -0.00608253525570035, 131531.34375, 155819.65625, 85244.6484375, 121690.2734375, 142535.359375, 103283.0859375, 58.6295280456543, 0.13779672980308533, -40.89286422729492, 86.3312759399414, -2.6236190795898438, -27.42572784423828, 0.0, 0.0, 1.0, 4.548727512359619, 156.0, 0.0, 0.0, -0.8952128291130066, 0.3257557153701782, 1.1859058141708374, 0.12410414132488108
47431, 0.6904734373092651, -0.20670807361602783, 0.306711345911026, -0.04125112295150757, -0.18263784050941467, -0.005444228183478117, 131543.546875, 155821.546875, 85239.0, 121691.8125, 142533.578125, 103277.6328125, 57.53044891357422, -0.0036886408925056458, -41.27353286743164, 85.77620697021484, -2.1703526973724365, -27.063777923583984, 0.0, 0.0, 1.0, 4.5173869132995605, 157.0, 0.0, 0.0, -0.8987537026405334, 0.32535520195961, 1.1851320266723633, 0.12347650199983115
47452, 0.6895971298217773, -0.21142876148223877, 0.3067569434642792, -0.03645819425582886, -0.18339182436466217, -0.003182867541909218, 131543.546875, 155821.546875, 85244.6484375, 121694.6640625, 142529.53125, 103275.5703125, 56.48774337768555, 0.09370742738246918, -42.18977355957031, 85.46470642089844, -2.097886562347412, -27.181522369384766, 0.0, 0.0, 1.0, 4.478358268737793, 157.0, 0.0, 0.0, -0.9019270539283752, 0.3255455195903778, 1.1846776008605957, 0.12306199737178951
47471, 0.6895561218261719, -0.21428841352462769, 0.3067181706428528, -0.02977818250656128, -0.17963095009326935, -0.0016142092645168304, 131539.6875, 155821.546875, 85242.765625, 121691.8125, 142526.265625, 103281.765625, 55.74870681762695, 0.18886017799377441, -42.68484878540039, 85.12239074707031, -1.9333438873291016, -26.802690505981445, 0.0, 0.0, 1.0, 4.4415812492370605, 157.0, 0.0, 0.0, -0.904686450958252, 0.32535520195961, 1.1842132806777954, 0.12424630009593163
47491, 0.6889258623123169, -0.2171657532453537, 0.30560266971588135, -0.025093089789152145, -0.17647652328014374, -0.007516202982515097, 131536.4375, 155821.546875, 85245.2109375, 121693.125, 142535.359375, 103283.8359375, 54.8443717956543, 0.2819516360759735, -42.80588912963867, 85.0869369506836, -1.688994288444519, -26.40738296508789, 0.0, 0.0, 1.0, 4.415998935699463, 158.0, 0.0, 0.0, -0.9079309701919556, 0.3257825970649719, 1.1839730739593506, 0.12236338496350332
47511, 0.6881747245788574, -0.22100403904914856, 0.3054397702217102, -0.021158479154109955, -0.17607294023036957, -0.008467118255794048, 131541.921875, 155821.546875, 85239.8125, 121700.5859375, 142527.75, 103284.5859375, 53.61078643798828, 0.37314486503601074, -42.776058197021484, 85.18718719482422, -1.6744801998138428, -26.262086868286133, 0.0, 0.0, 1.0, 4.394136905670166, 158.0, 0.0, 0.0, -0.9113920331001282, 0.3251049518585205, 1.183614730834961, 0.12397654752108753
47531, 0.6884655952453613, -0.2241334468126297, 0.30528831481933594, -0.014985743910074234, -0.17430752515792847, -0.006744451355189085, 131543.546875, 155819.65625, 85236.0546875, 121694.6640625, 142530.03125, 103285.1484375, 52.6129150390625, 0.4625859260559082, -42.81064987182617, 84.9134521484375, -1.7907588481903076, -25.75629997253418, 0.0, 0.0, 1.0, 4.368844509124756, 160.0, 0.0, 0.0, -0.9135733246803284, 0.32522982358932495, 1.1837557554244995, 0.12036147749962389
47551, 0.6883927583694458, -0.2269391566514969, 0.30507561564445496, -0.010314500890672207, -0.17217285931110382, -0.0038654590025544167, 131535.203125, 155819.65625, 85246.53125, 121693.78125, 142529.53125, 103283.0859375, 52.09981918334961, 0.443791002035141, -43.25172805786133, 84.69183349609375, -2.408038854598999, -25.164546966552734, 0.0, 0.0, 1.0, 4.331049919128418, 160.0, 0.0, 0.0, -0.9169971942901611, 0.32564297318458557, 1.1836179494857788, 0.12011081624844515
47571, 0.6880800724029541, -0.22991175949573517, 0.3049922287464142, -0.006755160167813301, -0.17078663408756256, -0.004730540793389082, 131539.0625, 155819.65625, 85242.765625, 121697.515625, 142534.078125, 103285.8984375, 51.237422943115234, 0.3289812505245209, -43.15790557861328, 84.55363464355469, -2.671066999435425, -24.53925895690918, 0.0, 0.0, 1.0, 4.274461269378662, 160.0, 0.0, 0.0, -0.9194339513778687, 0.32553985714912415, 1.1835676431655884, 0.11900413213873251
47591, 0.6877703070640564, -0.23250798881053925, 0.3062191903591156, -0.003685424569994211, -0.16854138672351837, 0.002546972595155239, 131535.203125, 155817.75, 85234.984375, 121696.859375, 142530.8125, 103284.5859375, 50.19176483154297, 0.2356857806444168, -42.590023040771484, 84.3657455444336, -2.4477834701538086, -24.075002670288086, 0.0, 0.0, 1.0, 4.208244323730469, 154.0, 0.0, 0.0, -0.9226983785629272, 0.3256440758705139, 1.1837453842163086, 0.1166319482296793
47611, 0.6886821985244751, -0.23682580888271332, 0.3062709867954254, 0.001963492948561907, -0.17098017036914825, 0.002857575658708811, 131538.4375, 155817.75, 85234.171875, 121699.046875, 142527.75, 103283.8359375, 49.23717498779297, 0.05405194312334061, -42.631988525390625, 84.21981811523438, -2.6073505878448486, -23.7962589263916, 0.0, 0.0, 1.0, 4.136932849884033, 154.0, 0.0, 0.0, -0.9257382750511169, 0.3259543478488922, 1.1838510036468506, 0.11578544507138991
47631, 0.6891688704490662, -0.24029771983623505, 0.3066311478614807, 0.005833613686263561, -0.17124079167842865, 0.006368786562234163, 131541.921875, 155819.65625, 85234.421875, 121701.2421875, 142543.171875, 103282.5234375, 48.32884979248047, -0.20582176744937897, -43.0484619140625, 84.27247619628906, -2.0517783164978027, -23.682315826416016, 0.0, 0.0, 1.0, 4.0351057052612305, 154.0, 0.0, 0.0, -0.9285107851028442, 0.3260073661804199, 1.1839207410812378, 0.11413139989897834
47651, 0.6896101832389832, -0.24300351738929749, 0.30675244331359863, 0.008747433312237263, -0.1698242425918579, 0.004877057392150164, 131541.921875, 155821.546875, 85238.1875, 121700.359375, 142532.296875, 103285.1484375, 47.876373291015625, -0.31992584466934204, -43.34355926513672, 84.3281478881836, -1.3035740852355957, -23.524351119995117, 0.0, 0.0, 1.0, 3.929641008377075, 149.0, 0.0, 0.0, -0.9315499067306519, 0.32627350091934204, 1.1840804815292358, 0.11149728053269527
47671, 0.6905823349952698, -0.24671895802021027, 0.3068905472755432, 0.012173508293926716, -0.17157495021820068, 0.002630497794598341, 131533.578125, 155821.546875, 85236.8671875, 121699.703125, 142530.03125, 103281.765625, 47.64540100097656, -0.1980006992816925, -43.272586822509766, 84.22564697265625, -1.3824414014816284, -23.44419288635254, 0.0, 0.0, 1.0, 3.834186553955078, 149.0, 0.0, 0.0, -0.934161365032196, 0.326311856508255, 1.184203028678894, 0.11165655754585806
47693, 0.6900913119316101, -0.24951308965682983, 0.30690616369247437, 0.011007478460669518, -0.17103570699691772, -0.0009076420683413744, 131539.0625, 155817.75, 85225.578125, 121703.4375, 142529.53125, 103292.1015625, 47.37938690185547, -0.29497823119163513, -43.23769760131836, 84.24325561523438, -1.6099830865859985, -22.998300552368164, 0.0, 0.0, 1.0, 3.7443764209747314, 32766.0, 0.0, 0.0, -0.9375223517417908, 0.32603397965431213, 1.1844912767410278, 0.10927839870141315
47713, 0.6910099387168884, -0.25266483426094055, 0.30685290694236755, 0.012690337374806404, -0.17104625701904297, -0.0045721339993178844, 131532.34375, 155819.65625, 85221.0, 121696.859375, 142531.796875, 103285.1484375, 46.95736312866211, -0.5860977172851562, -43.81197738647461, 84.03303527832031, -1.7137386798858643, -22.429588317871094, 0.0, 0.0, 1.0, 3.681051254272461, 32766.0, 0.0, 0.0, -0.9407790303230286, 0.3261299133300781, 1.1846028566360474, 0.10666114658050656
47731, 0.6898335814476013, -0.2560777962207794, 0.30550888180732727, 0.008280332200229168, -0.1721615046262741, -0.013927225023508072, 131536.4375, 155817.75, 85232.2890625, 121695.3203125, 142531.796875, 103282.5234375, 46.250091552734375, -0.5144106149673462, -44.413490295410156, 83.32390594482422, -1.678515076637268, -22.483213424682617, 0.0, 0.0, 1.0, 3.625370740890503, 32766.0, 0.0, 0.0, -0.9432108402252197, 0.3262847363948822, 1.1847906112670898, 0.10813895319853555
47751, 0.6899065971374512, -0.25819629430770874, 0.3052196204662323, 0.006596581544727087, -0.16998378932476044, -0.01635596714913845, 131531.34375, 155821.546875, 85223.9453125, 121697.515625, 142531.796875, 103286.65625, 45.45063781738281, -0.44161370396614075, -44.461585998535156, 82.790771484375, -1.9050593376159668, -22.93034553527832, 0.0, 0.0, 1.0, 3.563896417617798, 146.0, 0.0, 0.0, -0.9466754794120789, 0.32623937726020813, 1.1848593950271606, 0.10702526675471652
47771, 0.6905683875083923, -0.26332250237464905, 0.3047468364238739, 0.00598712544888258, -0.17612561583518982, -0.020683463662862778, 131528.46875, 155819.65625, 85229.34375, 121697.515625, 142535.84375, 103279.140625, 45.02641677856445, -0.5819969773292542, -44.729698181152344, 82.1300048828125, -2.206841468811035, -22.963668823242188, 0.0, 0.0, 1.0, 3.51113224029541, 146.0, 0.0, 0.0, -0.9491561055183411, 0.3258378803730011, 1.1850942373275757, 0.10439310758685198
47791, 0.6907259821891785, -0.26606014370918274, 0.30431994795799255, 0.003905773861333728, -0.17563845217227936, -0.02267741784453392, 131535.203125, 155817.75, 85235.234375, 121693.78125, 142529.53125, 103275.0078125, 44.810298919677734, -0.48319175839424133, -44.588375091552734, 81.35694122314453, -2.7029120922088623, -22.470787048339844, 0.0, 0.0, 1.0, 3.4831602573394775, 146.0, 0.0, 0.0, -0.952602744102478, 0.32579684257507324, 1.1848862171173096, 0.10651134945227177
47811, 0.6906407475471497, -0.27126044034957886, 0.3046618700027466, 0.0008989181951619685, -0.1817120611667633, -0.01896405778825283, 131541.296875, 155819.65625, 85222.875, 121691.5859375, 142525.484375, 103278.5859375, 44.504947662353516, -0.27886271476745605, -43.9772834777832, 80.52094268798828, -3.4000658988952637, -22.6546573638916, 0.0, 0.0, 1.0, 3.4354164600372314, 143.0, 0.0, 0.0, -0.9558590650558472, 0.3259091079235077, 1.1848291158676147, 0.10118134569922123
47831, 0.6903363466262817, -0.27321657538414, 0.30430489778518677, -0.002725335769355297, -0.17904233932495117, -0.018741954118013382, 131539.6875, 155821.546875, 85221.8125, 121693.78125, 142525.984375, 103283.0859375, 43.993778228759766, -0.1951739639043808, -43.54064178466797, 79.50637817382812, -3.8618619441986084, -23.111045837402344, 0.0, 0.0, 1.0, 3.346865177154541, 143.0, 0.0, 0.0, -0.9586349129676819, 0.3256196081638336, 1.1847418546676636, 0.10208017558478032
47851, 0.6909148693084717, -0.27653005719184875, 0.30510228872299194, -0.0042040348052978516, -0.18004067242145538, -0.01394319161772728, 131534.578125, 155815.859375, 85220.1796875, 121689.390625, 142529.53125, 103283.2734375, 43.26513671875, -0.005352437496185303, -43.03265380859375, 78.42093658447266, -4.043129920959473, -23.269193649291992, 0.0, 0.0, 1.0, 3.2586350440979004, 147.0, 0.0, 0.0, -0.9622333645820618, 0.32554003596305847, 1.1843541860580444, 0.103361711571813
47871, 0.6903090476989746, -0.2794331908226013, 0.30484265089035034, -0.008760759606957436, -0.1795637309551239, -0.012448472902178764, 131539.6875, 155819.65625, 85218.296875, 121695.3203125, 142520.4375, 103285.8984375, 42.68772888183594, 0.17187567055225372, -42.68775177001953, 77.48356628417969, -4.516376972198486, -23.268354415893555, 0.0, 0.0, 1.0, 3.1456573009490967, 147.0, 0.0, 0.0, -0.9647335410118103, 0.32539817690849304, 1.1840499639511108, 0.09938244172556475
47891, 0.6905658841133118, -0.2837832570075989, 0.3047090172767639, -0.01102554239332676, -0.18266025185585022, -0.011725158430635929, 131541.921875, 155821.546875, 85215.3515625, 121699.703125, 142521.9375, 103281.2109375, 42.40705490112305, 0.23118379712104797, -42.91338348388672, 77.17344665527344, -5.362863540649414, -23.401365280151367, 0.0, 0.0, 1.0, 3.014305353164673, 147.0, 0.0, 0.0, -0.9682636260986328, 0.3252269923686981, 1.1836974620819092, 0.09631834043960226
47912, 0.689819872379303, -0.2863960266113281, 0.304485023021698, -0.015690313652157784, -0.18099083006381989, -0.011629415675997734, 131535.203125, 155819.65625, 85216.1640625, 121695.3203125, 142535.84375, 103281.2109375, 42.389854431152344, 0.3990563750267029, -43.81112289428711, 76.83853149414062, -5.243747234344482, -23.801055908203125, 0.0, 0.0, 1.0, 2.873004198074341, 153.0, 0.0, 0.0, -0.9718695282936096, 0.32562416791915894, 1.1830947399139404, 0.09169418386077509
47932, 0.6899202466011047, -0.2890113890171051, 0.3041530251502991, -0.017833484336733818, -0.1790405511856079, -0.013535742647945881, 131533.578125, 155817.75, 85213.46875, 121695.9765625, 142521.4375, 103281.2109375, 42.10066604614258, 0.5565093159675598, -44.621192932128906, 76.27172088623047, -5.164992809295654, -24.172719955444336, 0.0, 0.0, 1.0, 2.733072280883789, 153.0, 0.0, 0.0, -0.9743131995201111, 0.3250087797641754, 1.1828210353851318, 0.0903270528404297
47951, 0.6892804503440857, -0.2931070625782013, 0.3038705587387085, -0.021524017676711082, -0.18059861660003662, -0.01471038069576025, 131537.4375, 155815.859375, 85212.40625, 121695.3203125, 142529.53125, 103280.453125, 41.352752685546875, 0.4904899001121521, -45.338775634765625, 75.70973205566406, -5.449881076812744, -24.561975479125977, 0.0, 0.0, 1.0, 2.5953316688537598, 153.0, 0.0, 0.0, -0.9779134392738342, 0.3245707154273987, 1.182093858718872, 0.08757912314597241
47971, 0.6885378360748291, -0.29630419611930847, 0.30356061458587646, -0.025058545172214508, -0.1795225739479065, -0.016498956829309464, 131530.71875, 155817.75, 85223.6953125, 121693.78125, 142527.75, 103284.5859375, 40.794921875, 0.22625114023685455, -46.07994079589844, 75.27581024169922, -5.288856029510498, -24.96654510498047, 0.0, 0.0, 1.0, 2.4550907611846924, 156.0, 0.0, 0.0, -0.9804248213768005, 0.3248380720615387, 1.181201696395874, 0.08787793827664322
47991, 0.6879674792289734, -0.30028823018074036, 0.30468693375587463, -0.027721434831619263, -0.18027202785015106, -0.010311514139175415, 131539.6875, 155817.75, 85216.1640625, 121688.734375, 142531.796875, 103280.453125, 40.1189079284668, 0.00045621395111083984, -46.052879333496094, 74.62188720703125, -5.087418079376221, -25.108612060546875, 0.0, 0.0, 1.0, 2.283736228942871, 156.0, 0.0, 0.0, -0.9835682511329651, 0.3246416747570038, 1.1805291175842285, 0.08198869669043529
48011, 0.685796856880188, -0.30322858691215515, 0.3044564127922058, -0.03402385115623474, -0.17839385569095612, -0.013023489154875278, 131532.953125, 155815.859375, 85213.46875, 121692.46875, 142527.25, 103282.5234375, 39.62666320800781, -0.08444751799106598, -45.70859909057617, 73.61247253417969, -4.7357306480407715, -25.250730514526367, 0.0, 0.0, 1.0, 2.128363609313965, 156.0, 0.0, 0.0, -0.986716091632843, 0.32379117608070374, 1.1793612241744995, 0.07467829811171894
48031, 0.6857132911682129, -0.3057803809642792, 0.30489274859428406, -0.03453563526272774, -0.17557691037654877, -0.011078097857534885, 131536.8125, 155817.75, 85210.5234375, 121686.546875, 142531.796875, 103274.2578125, 39.29607009887695, -0.25751617550849915, -45.871726989746094, 72.62278747558594, -4.3232526779174805, -25.50909996032715, 0.0, 0.0, 1.0, 1.9607913494110107, 152.0, 0.0, 0.0, -0.9892531633377075, 0.32362326979637146, 1.1787800788879395, 0.07415445537482288
48051, 0.6858978271484375, -0.3084159791469574, 0.3046568036079407, -0.033935919404029846, -0.17264088988304138, -0.01313128974288702, 131536.8125, 155817.75, 85216.1640625, 121691.5859375, 142525.984375, 103282.5234375, 38.82101821899414, -0.4020625054836273, -46.22631072998047, 71.193603515625, -4.184040069580078, -25.8281192779541, 0.0, 0.0, 1.0, 1.7447530031204224, 152.0, 0.0, 0.0, -0.9925128817558289, 0.3231794536113739, 1.177662968635559, 0.07348191236853163
48071, 0.6846660375595093, -0.31149813532829285, 0.3034067153930664, -0.03654373437166214, -0.1707262247800827, -0.020110661163926125, 131535.828125, 155819.65625, 85213.46875, 121695.3203125, 142527.25, 103283.2734375, 38.59879684448242, -0.4145808517932892, -46.28085708618164, 70.1174545288086, -4.344650745391846, -26.08440399169922, 0.0, 0.0, 1.0, 1.4872976541519165, 152.0, 0.0, 0.0, -0.9944362640380859, 0.3227415382862091, 1.1769859790802002, 0.06500736219082724
48091, 0.6838914155960083, -0.3134791851043701, 0.3029668629169464, -0.03747604414820671, -0.16574597358703613, -0.023075846955180168, 131529.09375, 155819.65625, 85219.9296875, 121696.6328125, 142520.9375, 103279.140625, 38.327911376953125, -0.30819007754325867, -46.05506896972656, 69.88751220703125, -4.870715141296387, -26.327573776245117, 0.0, 0.0, 1.0, 1.1880102157592773, 155.0, 0.0, 0.0, -0.9973245859146118, 0.3225099444389343, 1.1760038137435913, 0.06418386136889562
48111, 0.683804988861084, -0.31736525893211365, 0.302470326423645, -0.036348212510347366, -0.1667773425579071, -0.026124300435185432, 131528.46875, 155817.75, 85225.578125, 121688.734375, 142523.703125, 103286.65625, 37.63429260253906, -0.09638037532567978, -45.534034729003906, 69.25777435302734, -5.536471843719482, -26.367725372314453, 0.0, 0.0, 1.0, 0.8765388131141663, 155.0, 0.0, 0.0, -1.0001826286315918, 0.3218887746334076, 1.1745227575302124, 0.052318831969931735
48131, 0.6815792918205261, -0.3203873932361603, 0.30133095383644104, -0.04043113440275192, -0.16585960984230042, -0.02805791236460209, 131534.203125, 155817.75, 85223.6953125, 121693.78125, 142527.75, 103280.453125, 36.58639907836914, -0.007071882486343384, -44.28092575073242, 68.48440551757812, -5.741490840911865, -26.344472885131836, 0.0, 0.0, 1.0, 0.5846655964851379, 155.0, 0.0, 0.0, -1.002251148223877, 0.3212791085243225, 1.173954725265503, 0.051611070335312495
48152, 0.6820760369300842, -0.32242676615715027, 0.30079373717308044, -0.03718797117471695, -0.16281016170978546, -0.02657437138259411, 131529.09375, 155815.859375, 85218.046875, 121683.46875, 142530.03125, 103280.453125, 35.928096771240234, -0.026515215635299683, -42.850196838378906, 67.44804382324219, -5.564015865325928, -26.688798904418945, 0.0, 0.0, 1.0, 0.2842719256877899, 164.0, 0.0, 0.0, -1.0051043033599854, 0.3207781910896301, 1.1727802753448486, 0.042581941141215704
48172, 0.6804812550544739, -0.3254455029964447, 0.30200284719467163, -0.03915460407733917, -0.1624407023191452, -0.019983623176813126, 131534.578125, 155815.859375, 85215.1015625, 121685.0078125, 142527.75, 103281.2109375, 35.363059997558594, -0.1415494680404663, -41.89999008178711, 65.98087310791016, -5.405050277709961, -26.96645164489746, 0.0, 0.0, 1.0, -0.01126874890178442, 164.0, 0.0, 0.0, -1.0069571733474731, 0.3203046917915344, 1.171912670135498, 0.038863438245941524
48192, 0.6800001263618469, -0.32688573002815247, 0.3016073405742645, -0.03793533891439438, -0.15827524662017822, -0.021867623552680016, 131521.375, 155815.859375, 85219.9296875, 121685.6640625, 142521.9375, 103277.078125, 34.557823181152344, -0.3413078188896179, -41.20985412597656, 64.75154876708984, -5.71904182434082, -27.41779899597168, 0.0, 0.0, 1.0, -0.2691662013530731, 169.0, 0.0, 0.0, -1.0096379518508911, 0.3198333978652954, 1.1709399223327637, 0.03806309112323374
48213, 0.6795637011528015, -0.32902076840400696, 0.3005812168121338, -0.03615235537290573, -0.15631301701068878, -0.025258412584662437, 131524.609375, 155815.859375, 85214.2890625, 121682.8125, 142520.9375, 103281.2109375, 33.91983413696289, -0.4028564989566803, -40.280452728271484, 63.486576080322266, -6.380162715911865, -27.832597732543945, 0.0, 0.0, 1.0, -0.47231703996658325, 169.0, 0.0, 0.0, -1.0122308731079102, 0.319080114364624, 1.1696962118148804, 0.03242528303684421
48231, 0.6790300011634827, -0.3330107629299164, 0.30005258321762085, -0.03438371792435646, -0.1592685431241989, -0.027249479666352272, 131523.0, 155815.859375, 85219.9296875, 121681.2734375, 142519.65625, 103283.2734375, 33.71883010864258, -0.23424145579338074, -39.67033386230469, 62.066680908203125, -7.093246936798096, -27.86529541015625, 0.0, 0.0, 1.0, -0.6355564594268799, 169.0, 0.0, 0.0, -1.0141665935516357, 0.31884369254112244, 1.1686956882476807, 0.030989168371170488
48251, 0.6783975958824158, -0.3338223695755005, 0.2992916703224182, -0.03244177997112274, -0.1535087674856186, -0.03211547061800957, 131524.609375, 155819.65625, 85221.8125, 121690.9296875, 142519.15625, 103277.078125, 33.09064865112305, -0.1822720766067505, -39.11793899536133, 60.882225036621094, -7.209571838378906, -27.83431053161621, 0.0, 0.0, 1.0, -0.7801474332809448, 181.0, 0.0, 0.0, -1.0168559551239014, 0.3179513216018677, 1.167870283126831, 0.029443372363135534
48271, 0.6769741177558899, -0.3372083902359009, 0.29863545298576355, -0.03204498067498207, -0.15446710586547852, -0.033131226897239685, 131530.34375, 155815.859375, 85202.7421875, 121679.7421875, 142525.484375, 103278.390625, 32.357078552246094, -0.2347126305103302, -38.52509689331055, 59.78374481201172, -6.753179550170898, -28.127931594848633, 0.0, 0.0, 1.0, -0.893176257610321, 181.0, 0.0, 0.0, -1.0184913873672485, 0.31708815693855286, 1.1669833660125732, 0.027407441607480595
48291, 0.6771625280380249, -0.33964332938194275, 0.2979736328125, -0.02692830190062523, -0.15277665853500366, -0.03326977416872978, 131524.609375, 155813.953125, 85217.234375, 121676.890625, 142526.765625, 103281.765625, 31.783437728881836, -0.3797484040260315, -38.3347282409668, 58.304622650146484, -6.774086952209473, -28.476274490356445, 0.0, 0.0, 1.0, -0.9904785752296448, 181.0, 0.0, 0.0, -1.0207775831222534, 0.3163314461708069, 1.1660006046295166, 0.026756824227550855
48311, 0.6753097772598267, -0.3420690596103668, 0.2973293960094452, -0.02680136263370514, -0.1511450558900833, -0.032037198543548584, 131526.859375, 155815.859375, 85218.8671875, 121683.46875, 142523.203125, 103275.0078125, 30.938871383666992, -0.6059470176696777, -38.22930908203125, 56.5756721496582, -7.530362606048584, -28.60813331604004, 0.0, 0.0, 1.0, -1.093463659286499, 181.0, 0.0, 0.0, -1.0228761434555054, 0.3162786662578583, 1.1651792526245117, 0.026168828148529232
48331, 0.6748953461647034, -0.3446638882160187, 0.2967429757118225, -0.02307535521686077, -0.15053407847881317, -0.027096524834632874, 131528.46875, 155813.953125, 85216.1640625, 121680.6171875, 142525.484375, 103277.828125, 30.0862979888916, -0.7973712682723999, -37.82178497314453, 55.20702362060547, -8.0265531539917, -28.92934799194336, 0.0, 0.0, 1.0, -1.181139588356018, 181.0, 0.0, 0.0, -1.0248545408248901, 0.31509697437286377, 1.1645790338516235, 0.023234981758612685
48351, 0.6737352013587952, -0.3478192389011383, 0.2959274351596832, -0.021760007366538048, -0.15199539065361023, -0.025979509577155113, 131523.0, 155812.0625, 85211.5859375, 121677.546875, 142519.15625, 103277.828125, 29.332109451293945, -0.9578002691268921, -37.843048095703125, 54.11015701293945, -8.30748176574707, -29.41832160949707, 0.0, 0.0, 1.0, -1.260766863822937, 181.0, 0.0, 0.0, -1.0272443294525146, 0.314669132232666, 1.1634573936462402, 0.023137728600124655
48371, 0.6726250052452087, -0.34864357113838196, 0.2954016923904419, -0.020643478259444237, -0.14752206206321716, -0.028678616508841515, 131521.375, 155813.953125, 85205.6953125, 121673.15625, 142523.703125, 103279.140625, 28.65167808532715, -1.1972248554229736, -38.017845153808594, 52.673702239990234, -8.653619766235352, -29.790996551513672, 0.0, 0.0, 1.0, -1.31202232837677, 180.0, 0.0, 0.0, -1.029195785522461, 0.31407567858695984, 1.1628637313842773, 0.021358004225645634
48391, 0.672479510307312, -0.3511165976524353, 0.29434821009635925, -0.017366556450724602, -0.14760808646678925, -0.032279759645462036, 131518.515625, 155815.859375, 85212.15625, 121670.96875, 142525.484375, 103278.390625, 27.69267463684082, -1.507438063621521, -37.858211517333984, 50.98681640625, -8.600057601928711, -30.10294532775879, 0.0, 0.0, 1.0, -1.3183143138885498, 180.0, 0.0, 0.0, -1.0309488773345947, 0.31402087211608887, 1.1620827913284302, 0.022348319973239956
48411, 0.6725625395774841, -0.353434294462204, 0.293720006942749, -0.013583144173026085, -0.14695343375205994, -0.030390426516532898, 131523.0, 155815.859375, 85214.2890625, 121676.234375, 142515.109375, 103279.8984375, 26.577985763549805, -1.5586185455322266, -37.58216857910156, 49.6235237121582, -9.032496452331543, -30.34933090209961, 0.0, 0.0, 1.0, -1.3204818964004517, 180.0, 0.0, 0.0, -1.0326869487762451, 0.313435822725296, 1.161573886871338, 0.02182321330390653
48431, 0.6723920702934265, -0.35596179962158203, 0.29297757148742676, -0.010639378800988197, -0.14710664749145508, -0.02845028042793274, 131515.640625, 155813.953125, 85219.9296875, 121674.6953125, 142525.984375, 103278.390625, 25.670516967773438, -1.4865573644638062, -36.751041412353516, 48.58448028564453, -9.383874893188477, -30.580095291137695, 0.0, 0.0, 1.0, -1.327318787574768, 190.0, 0.0, 0.0, -1.0352150201797485, 0.3124404847621918, 1.1610074043273926, 0.02239196578951716
48451, 0.6706209182739258, -0.35800009965896606, 0.29243913292884827, -0.01200702041387558, -0.1461990773677826, -0.026939434930682182, 131523.625, 155813.953125, 85207.5703125, 121671.84375, 142524.203125, 103279.8984375, 24.69469451904297, -1.520199179649353, -35.474308013916016, 47.376590728759766, -9.178459167480469, -30.796825408935547, 0.0, 0.0, 1.0, -1.3033928871154785, 190.0, 0.0, 0.0, -1.036825180053711, 0.31235483288764954, 1.1600580215454102, 0.025241499879239616
48471, 0.670327365398407, -0.3591587543487549, 0.29191023111343384, -0.009918684139847755, -0.14298686385154724, -0.028235778212547302, 131519.140625, 155815.859375, 85206.7578125, 121670.3125, 142528.25, 103277.828125, 23.8563289642334, -1.6475975513458252, -34.619972229003906, 46.02023696899414, -8.863365173339844, -31.03266143798828, 0.0, 0.0, 1.0, -1.2665375471115112, 190.0, 0.0, 0.0, -1.038353681564331, 0.3118779957294464, 1.1598186492919922, 0.0244135606994376
48491, 0.6708434820175171, -0.3614402413368225, 0.29223254323005676, -0.0060952757485210896, -0.14288578927516937, -0.026616785675287247, 131521.75, 155815.859375, 85205.9453125, 121660.875, 142521.9375, 103281.9609375, 23.30266571044922, -1.6430916786193848, -34.50493240356445, 44.19923400878906, -8.735798835754395, -30.90419578552246, 0.0, 0.0, 1.0, -1.2332478761672974, 184.0, 0.0, 0.0, -1.0405641794204712, 0.31168675422668457, 1.1588215827941895, 0.02538051588953411
48511, 0.6702088713645935, -0.36377546191215515, 0.2916565537452698, -0.005218023434281349, -0.14238953590393066, -0.029125653207302094, 131518.515625, 155817.75, 85208.640625, 121674.0390625, 142519.65625, 103282.7109375, 22.698904037475586, -1.5215613842010498, -34.39519119262695, 41.96689987182617, -9.103360176086426, -30.72795867919922, 0.0, 0.0, 1.0, -1.1805047988891602, 184.0, 0.0, 0.0, -1.042588710784912, 0.3112589120864868, 1.1582987308502197, 0.026826939844583668
48531, 0.67046719789505, -0.3661748468875885, 0.2916189134120941, -0.002035657176747918, -0.14226926863193512, -0.02852855622768402, 131514.65625, 155815.859375, 85204.0625, 121662.1953125, 142519.15625, 103281.9609375, 22.121633529663086, -1.297176718711853, -34.09242248535156, 40.27355194091797, -8.968904495239258, -30.85883140563965, 0.0, 0.0, 1.0, -1.1218069791793823, 181.0, 0.0, 0.0, -1.043930172920227, 0.3110250234603882, 1.1580846309661865, 0.028784083745491115
48551, 0.668991208076477, -0.3696056306362152, 0.29104214906692505, -0.003120855428278446, -0.14482533931732178, -0.028414292261004448, 131511.78125, 155815.859375, 85209.453125, 121662.1953125, 142519.65625, 103281.2109375, 21.20351791381836, -1.088320016860962, -33.830528259277344, 39.0728874206543, -8.560966491699219, -30.943998336791992, 0.0, 0.0, 1.0, -1.0607830286026, 181.0, 0.0, 0.0, -1.0455435514450073, 0.31015071272850037, 1.1579867601394653, 0.031162183482731327
48572, 0.6688095331192017, -0.3708915114402771, 0.2901512384414673, -0.00043270227615721524, -0.14168690145015717, -0.030897345393896103, 131511.78125, 155813.953125, 85203.8125, 121659.34375, 142525.984375, 103279.8984375, 20.003948211669922, -1.0000104904174805, -33.45310592651367, 37.74147415161133, -8.450817108154297, -31.031280517578125, 0.0, 0.0, 1.0, -0.9660009741783142, 181.0, 0.0, 0.0, -1.0469619035720825, 0.3095068037509918, 1.1576343774795532, 0.03197142855007007
48591, 0.6681365370750427, -0.3731233477592468, 0.2895159125328064, 0.0009325872524641454, -0.14127835631370544, -0.03322137892246246, 131509.546875, 155813.953125, 85204.875, 121664.3828125, 142525.984375, 103284.5859375, 18.773197174072266, -1.019599437713623, -33.03337860107422, 36.44263458251953, -8.277178764343262, -30.856042861938477, 0.0, 0.0, 1.0, -0.8556686043739319, 180.0, 0.0, 0.0, -1.0487874746322632, 0.3083677887916565, 1.1572705507278442, 0.03544671660385134
48611, 0.6679759621620178, -0.37446460127830505, 0.28837907314300537, 0.003668698715046048, -0.13739976286888123, -0.0337289422750473, 131513.40625, 155813.953125, 85203.8125, 121657.8046875, 142521.4375, 103281.9609375, 17.55182456970215, -1.1349033117294312, -32.82094192504883, 34.963958740234375, -8.319605827331543, -30.67006492614746, 0.0, 0.0, 1.0, -0.7728333473205566, 180.0, 0.0, 0.0, -1.050596833229065, 0.3085556626319885, 1.1567691564559937, 0.03516303802136765
48631, 0.6672195792198181, -0.37554603815078735, 0.2877570390701294, 0.004568575415760279, -0.13062819838523865, -0.030500562861561775, 131512.40625, 155812.0625, 85214.03125, 121668.7734375, 142517.390625, 103279.140625, 16.55731964111328, -1.2275452613830566, -32.5344123840332, 33.871368408203125, -8.838297843933105, -30.82405662536621, 0.0, 0.0, 1.0, -0.7305456399917603, 180.0, 0.0, 0.0, -1.051872968673706, 0.30824732780456543, 1.1564414501190186, 0.03457280383846825
48652, 0.6673963665962219, -0.37714192271232605, 0.28859612345695496, 0.007611850742250681, -0.1232713907957077, -0.018674110993742943, 131511.78125, 155813.953125, 85205.6953125, 121635.21875, 142524.203125, 103275.0078125, 15.834443092346191, -1.4066267013549805, -31.66558265686035, 31.60088539123535, -9.138585090637207, -31.364587783813477, 0.0, 0.0, 1.0, -0.7682041525840759, 32766.0, 0.0, 0.0, -1.0532023906707764, 0.30794182419776917, 1.1559593677520752, 0.03262394067702895
48672, 0.6682671904563904, -0.37826108932495117, 0.28827065229415894, 0.012359349057078362, -0.1131456047296524, -0.015510635450482368, 131510.546875, 155815.859375, 85207.828125, 121619.203125, 142528.75, 103271.6328125, 15.388345718383789, -1.5556505918502808, -30.372852325439453, 26.765369415283203, -8.759381294250488, -32.27893829345703, 0.0, 0.0, 1.0, -0.9285504817962646, 32766.0, 0.0, 0.0, -1.0543993711471558, 0.307445764541626, 1.1556404829025269, 0.027102947299330445
48691, 0.6679057478904724, -0.37967461347579956, 0.2879544496536255, 0.01434378046542406, -0.10352957993745804, -0.015701983124017715, 131512.40625, 155813.953125, 85201.9296875, 121597.0546875, 142528.75, 103285.34375, 15.04804801940918, -1.4637852907180786, -29.70594024658203, 20.30048942565918, -8.162651062011719, -32.51847839355469, 0.0, 0.0, 1.0, -1.1555790901184082, 32766.0, 0.0, 0.0, -1.055220127105713, 0.3070454001426697, 1.1555248498916626, 0.026134209171783204
48711, 0.6674783825874329, -0.3796371817588806, 0.28908491134643555, 0.015079539269208908, -0.09649646282196045, -0.008580929599702358, 131507.921875, 155813.953125, 85212.40625, 121586.96875, 142524.703125, 103277.265625, 14.74548053741455, -1.1582673788070679, -29.07843017578125, 12.729656219482422, -7.857985019683838, -32.423912048339844, 0.0, 0.0, 1.0, -1.4439387321472168, 32766.0, 0.0, 0.0, -1.055891990661621, 0.30669575929641724, 1.1552987098693848, 0.019005669300238653
48731, 0.6667479872703552, -0.3824211657047272, 0.2888525724411011, 0.019237864762544632, -0.08368925005197525, -0.006000486668199301, 131520.75, 155812.0625, 85202.9921875, 121585.4296875, 142524.203125, 103277.078125, 14.602611541748047, -1.0916420221328735, -28.532163619995117, 5.34543514251709, -7.839984893798828, -32.81673812866211, 0.0, 0.0, 1.0, -1.7332022190093994, 32766.0, 0.0, 0.0, -1.056238055229187, 0.30644798278808594, 1.1553608179092407, 0.016498380507484603
48751, 0.6674789786338806, -0.38277071714401245, 0.28845521807670593, 0.023539960384368896, -0.07791177928447723, -0.005876895971596241, 131511.78125, 155813.953125, 85210.5234375, 121603.8515625, 142528.25, 103279.140625, 14.34953784942627, -1.1295201778411865, -28.164560317993164, -0.30946409702301025, -7.592602252960205, -32.953102111816406, 0.0, 0.0, 1.0, -2.0255205631256104, 32766.0, 0.0, 0.0, -1.0563974380493164, 0.30660825967788696, 1.1554757356643677, 0.01233086612916603
48771, 0.665886640548706, -0.3835305869579315, 0.28836581110954285, 0.024633999913930893, -0.0662349984049797, -0.003927925135940313, 131515.640625, 155813.953125, 85201.9296875, 121603.8515625, 142521.9375, 103278.5859375, 14.03324031829834, -1.1534727811813354, -27.69757843017578, -3.720970869064331, -6.913683891296387, -32.8089599609375, 0.0, 0.0, 1.0, -2.306749105453491, 32766.0, 0.0, 0.0, -1.0563665628433228, 0.306317001581192, 1.1554512977600098, 0.006820063801023971
48791, 0.666363000869751, -0.38464322686195374, 0.2882024645805359, 0.032006002962589264, -0.05606533959507942, -0.00031759566627442837, 131512.40625, 155817.75, 85207.5703125, 121633.6796875, 142531.03125, 103279.3359375, 14.348355293273926, -1.2725481986999512, -27.18903160095215, -4.843061447143555, -6.565225601196289, -32.64911651611328, 0.0, 0.0, 1.0, -2.558086395263672, 32766.0, 0.0, 0.0, -1.0561915636062622, 0.30617448687553406, 1.1556845903396606, 0.0036539273053817945
48811, 0.6655369997024536, -0.3852439522743225, 0.2882187068462372, 0.03678556904196739, -0.04462222754955292, 0.0008166045881807804, 131520.125, 155813.953125, 85211.5859375, 121644.6484375, 142526.484375, 103281.9609375, 14.753800392150879, -1.0468275547027588, -26.477455139160156, -3.4004719257354736, -6.482021808624268, -32.51775360107422, 0.0, 0.0, 1.0, -2.8233225345611572, 32766.0, 0.0, 0.0, -1.0558135509490967, 0.30604803562164307, 1.1558128595352173, 0.0005273427196641929
48831, 0.666534423828125, -0.38513827323913574, 0.2885172367095947, 0.046962205320596695, -0.03222820162773132, 0.0015456168912351131, 131522.375, 155812.0625, 85205.6953125, 121660.65625, 142525.203125, 103279.8984375, 14.769453048706055, -0.836091160774231, -25.69245147705078, -0.8461582064628601, -6.433325290679932, -32.48576736450195, 0.0, 0.0, 1.0, -3.051048517227173, 32766.0, 0.0, 0.0, -1.0551882982254028, 0.30627506971359253, 1.1564395427703857, -0.0022507883934558917
48852, 0.666400134563446, -0.38390594720840454, 0.28854095935821533, 0.054966848343610764, -0.017207583412528038, 0.0008008274016901851, 131516.265625, 155812.0625, 85201.9296875, 121657.8046875, 142528.25, 103277.828125, 15.127411842346191, -0.6396873593330383, -24.797073364257812, 1.455508828163147, -6.387965679168701, -32.70101547241211, 0.0, 0.0, 1.0, -3.30680251121521, 32766.0, 0.0, 0.0, -1.0538448095321655, 0.30625277757644653, 1.1572219133377075, -0.007615411918692226
48872, 0.6682772040367126, -0.38370299339294434, 0.28852522373199463, 0.0681009292602539, -0.0070909433998167515, -0.0022270840127021074, 131526.859375, 155812.0625, 85196.28125, 121642.453125, 142520.15625, 103288.15625, 15.282164573669434, -0.5627609491348267, -24.228694915771484, 2.5418167114257812, -6.5456132888793945, -32.47902297973633, 0.0, 0.0, 1.0, -3.5425007343292236, 914.0, 0.0, 0.0, -1.0530576705932617, 0.3061409890651703, 1.1581840515136719, -0.01036286908215861
48892, 0.667065441608429, -0.3819699287414551, 0.2878248691558838, 0.07379627227783203, 0.006752984598278999, -0.010054296813905239, 131529.09375, 155813.953125, 85204.625, 121622.7109375, 142521.9375, 103285.34375, 15.671517372131348, -0.8060047030448914, -24.269378662109375, 1.522088646888733, -7.039211750030518, -31.86882972717285, 0.0, 0.0, 1.0, -3.8346917629241943, 914.0, 0.0, 0.0, -1.0515990257263184, 0.3057224154472351, 1.1596660614013672, -0.013663982835888577
48912, 0.6675668358802795, -0.3810636103153229, 0.2875819206237793, 0.08464409410953522, 0.016794757917523384, -0.013888206332921982, 131530.34375, 155813.953125, 85200.046875, 121606.703125, 142521.4375, 103282.7109375, 16.739234924316406, -0.9057877659797668, -24.061365127563477, -1.4019567966461182, -7.40228271484375, -31.645557403564453, 0.0, 0.0, 1.0, -4.093719959259033, 914.0, 0.0, 0.0, -1.049878478050232, 0.30528807640075684, 1.1610326766967773, -0.019892455980859213
48932, 0.6673932075500488, -0.37932100892066956, 0.28792300820350647, 0.09404591470956802, 0.02789924293756485, -0.013152080588042736, 131524.859375, 155810.15625, 85201.9296875, 121588.28125, 142526.484375, 103286.09375, 17.8811092376709, -0.8782156705856323, -23.57250213623047, -5.938911437988281, -7.464242458343506, -31.416372299194336, 0.0, 0.0, 1.0, -4.382313251495361, 32766.0, 0.0, 0.0, -1.048362135887146, 0.30496132373809814, 1.1622322797775269, -0.024266291236492578
48952, 0.6693768501281738, -0.3766590654850006, 0.28759750723838806, 0.10908699780702591, 0.039561230689287186, -0.017526213079690933, 131532.578125, 155812.0625, 85201.1171875, 121593.546875, 142533.296875, 103296.984375, 18.652652740478516, -1.0583975315093994, -23.19917106628418, -10.7042875289917, -6.847525119781494, -30.419509887695312, 0.0, 0.0, 1.0, -4.682254314422607, 32766.0, 0.0, 0.0, -1.0460987091064453, 0.3048671782016754, 1.1647518873214722, -0.03042017203855493
48972, 0.6708076596260071, -0.37520748376846313, 0.286636084318161, 0.12283850461244583, 0.04636884108185768, -0.025775376707315445, 131534.828125, 155810.15625, 85202.9921875, 121592.6640625, 142526.484375, 103280.6484375, 19.459836959838867, -1.3152720928192139, -22.716712951660156, -14.679279327392578, -6.297898769378662, -29.854259490966797, 0.0, 0.0, 1.0, -4.939949035644531, 32766.0, 0.0, 0.0, -1.0445109605789185, 0.30419349670410156, 1.1666936874389648, -0.033475447590870865
48992, 0.6722108125686646, -0.373449444770813, 0.28611618280410767, 0.13678666949272156, 0.052671417593955994, -0.027419226244091988, 131544.171875, 155815.859375, 85202.1796875, 121614.8203125, 142526.984375, 103280.0859375, 20.734193801879883, -1.5333836078643799, -22.138235092163086, -16.99757957458496, -6.163294315338135, -30.318218231201172, 0.0, 0.0, 1.0, -5.150675296783447, 194.0, 0.0, 0.0, -1.04231595993042, 0.3032386004924774, 1.16938054561615, -0.03689628893729063
49012, 0.6736573576927185, -0.37124019861221313, 0.28492826223373413, 0.14987419545650482, 0.05911608412861824, -0.03385224565863609, 131532.578125, 155812.0625, 85194.15625, 121621.1796875, 142526.984375, 103284.03125, 22.51371955871582, -1.5028306245803833, -21.474559783935547, -16.854814529418945, -6.142363548278809, -30.668025970458984, 0.0, 0.0, 1.0, -5.317821979522705, 194.0, 0.0, 0.0, -1.0397803783416748, 0.30269214510917664, 1.1725376844406128, -0.04216775862319089
49032, 0.6770198345184326, -0.3685586750507355, 0.28423044085502625, 0.16596680879592896, 0.06536754965782166, -0.034430038183927536, 131543.171875, 155815.859375, 85197.1015625, 121632.140625, 142524.703125, 103283.46875, 23.95944595336914, -1.3582954406738281, -21.293973922729492, -15.530482292175293, -6.506901741027832, -30.72597885131836, 0.0, 0.0, 1.0, -5.475106716156006, 194.0, 0.0, 0.0, -1.0380079746246338, 0.30218952894210815, 1.1751443147659302, -0.03978824488933548
49051, 0.6801480054855347, -0.3673211932182312, 0.2829647362232208, 0.1779026985168457, 0.06650149822235107, -0.03456173464655876, 131543.796875, 155812.0625, 85195.21875, 121649.03125, 142521.9375, 103282.7109375, 25.178428649902344, -1.2202370166778564, -21.330659866333008, -13.851824760437012, -6.856311798095703, -30.471200942993164, 0.0, 0.0, 1.0, -5.547621250152588, 203.0, 0.0, 0.0, -1.0351214408874512, 0.30109724402427673, 1.1786960363388062, -0.045888608706120035
49071, 0.6819643378257751, -0.36592167615890503, 0.2823386490345001, 0.18251609802246094, 0.06778816878795624, -0.028513113036751747, 131537.0625, 155810.15625, 85200.046875, 121641.796875, 142524.703125, 103284.21875, 26.884363174438477, -1.0880279541015625, -21.213808059692383, -12.070201873779297, -6.979691028594971, -30.288949966430664, 0.0, 0.0, 1.0, -5.653502941131592, 203.0, 0.0, 0.0, -1.0333781242370605, 0.30048704147338867, 1.1815842390060425, -0.04964961680220429
49091, 0.6885976791381836, -0.36279231309890747, 0.2817991077899933, 0.19594037532806396, 0.07246479392051697, -0.022465530782938004, 131549.265625, 155813.953125, 85196.28125, 121631.484375, 142518.890625, 103284.03125, 28.043901443481445, -1.2827134132385254, -20.85420799255371, -12.300891876220703, -7.057516574859619, -30.108182907104492, 0.0, 0.0, 1.0, -5.753536701202393, 203.0, 0.0, 0.0, -1.0306442975997925, 0.3002936542034149, 1.1851613521575928, -0.048257812579672904
49112, 0.6919395923614502, -0.35986125469207764, 0.28117087483406067, 0.19742564857006073, 0.07647734135389328, -0.015004239045083523, 131546.03125, 155813.953125, 85196.28125, 121613.0625, 142525.703125, 103290.9765625, 29.370710372924805, -1.3390591144561768, -20.385679244995117, -14.06917667388916, -6.995300769805908, -29.579069137573242, 0.0, 0.0, 1.0, -5.910122871398926, 175.0, 0.0, 0.0, -1.0280075073242188, 0.29973313212394714, 1.1891114711761475, -0.05181415937401377
49131, 0.6954241394996643, -0.35800427198410034, 0.2809561491012573, 0.1964969038963318, 0.07587523013353348, -0.006815006025135517, 131546.03125, 155810.15625, 85197.9140625, 121602.09375, 142525.203125, 103281.3984375, 31.04230499267578, -1.1651296615600586, -20.093120574951172, -15.963683128356934, -6.909332275390625, -29.503454208374023, 0.0, 0.0, 1.0, -6.041028022766113, 175.0, 0.0, 0.0, -1.0259723663330078, 0.29990413784980774, 1.1919660568237305, -0.05445254486441597
49151, 0.6996065378189087, -0.3551967740058899, 0.2837876081466675, 0.19580642879009247, 0.07660862058401108, 0.014079350046813488, 131547.28125, 155812.0625, 85196.28125, 121602.3203125, 142525.703125, 103288.9140625, 32.32952117919922, -1.2152466773986816, -19.65291976928711, -18.241024017333984, -6.829668045043945, -29.565471649169922, 0.0, 0.0, 1.0, -6.154157638549805, 175.0, 0.0, 0.0, -1.0233603715896606, 0.2998000383377075, 1.195522427558899, -0.05407970725274127
49171, 0.7020711302757263, -0.3525678217411041, 0.2841183841228485, 0.1890188604593277, 0.07571079581975937, 0.018890300765633583, 131544.40625, 155813.953125, 85190.140625, 121600.78125, 142525.203125, 103291.734375, 33.745262145996094, -1.4641042947769165, -19.340225219726562, -20.324132919311523, -6.756537437438965, -29.05038833618164, 0.0, 0.0, 1.0, -6.221776962280273, 175.0, 0.0, 0.0, -1.0214929580688477, 0.30013930797576904, 1.1983637809753418, -0.05685453426586316
49191, 0.7048283815383911, -0.3504011929035187, 0.28354358673095703, 0.18111415207386017, 0.07165931165218353, 0.02060958743095398, 131556.625, 155812.0625, 85198.1640625, 121606.484375, 142521.15625, 103293.046875, 34.82549285888672, -1.5674961805343628, -19.656780242919922, -21.924530029296875, -6.945662498474121, -28.37347984313965, 0.0, 0.0, 1.0, -6.213642597198486, 175.0, 0.0, 0.0, -1.0192241668701172, 0.3005346953868866, 1.2016301155090332, -0.051261998666539625
49211, 0.7083535194396973, -0.3487205505371094, 0.283995658159256, 0.17354170978069305, 0.0650116577744484, 0.025738179683685303, 131559.484375, 155810.15625, 85186.875, 121605.828125, 142520.15625, 103289.6640625, 36.02136993408203, -1.6492468118667603, -20.1212215423584, -23.045679092407227, -7.395520210266113, -27.903301239013672, 0.0, 0.0, 1.0, -6.123058795928955, 165.0, 0.0, 0.0, -1.0171587467193604, 0.3012961149215698, 1.2050725221633911, -0.05145078552199536
49231, 0.7114116549491882, -0.3461686074733734, 0.2843354046344757, 0.1635994017124176, 0.06064697355031967, 0.027216825634241104, 131556.625, 155812.0625, 85177.46875, 121624.6875, 142518.390625, 103290.9765625, 38.111961364746094, -1.7117360830307007, -20.44426155090332, -22.998899459838867, -7.947725772857666, -27.61688804626465, 0.0, 0.0, 1.0, -6.003021240234375, 165.0, 0.0, 0.0, -1.0158036947250366, 0.30186477303504944, 1.2072875499725342, -0.04759607762440315
49251, 0.7160438299179077, -0.34443479776382446, 0.28492265939712524, 0.1567838340997696, 0.05371096730232239, 0.032206110656261444, 131561.71875, 155812.0625, 85191.453125, 121633.6796875, 142521.9375, 103292.2890625, 40.13130569458008, -1.6495939493179321, -20.6878662109375, -21.372303009033203, -8.333039283752441, -27.22895622253418, 0.0, 0.0, 1.0, -5.859532833099365, 165.0, 0.0, 0.0, -1.0138819217681885, 0.30271661281585693, 1.2102464437484741, -0.04256038811676657
49273, 0.7182502746582031, -0.34313634037971497, 0.28559809923171997, 0.14307570457458496, 0.04612002894282341, 0.03422470763325691, 131558.484375, 155810.15625, 85180.171875, 121638.71875, 142524.703125, 103293.046875, 41.68590545654297, -1.477804183959961, -21.133073806762695, -19.124181747436523, -8.315354347229004, -26.782522201538086, 0.0, 0.0, 1.0, -5.720300197601318, 152.0, 0.0, 0.0, -1.012404203414917, 0.30363911390304565, 1.2123948335647583, -0.04117289935183798
49291, 0.720127284526825, -0.3419347107410431, 0.28608667850494385, 0.1275380551815033, 0.03798645734786987, 0.03492092713713646, 131560.109375, 155812.0625, 85177.21875, 121633.6796875, 142516.609375, 103282.7109375, 43.71165466308594, -1.4229716062545776, -21.166027069091797, -17.11754608154297, -8.596564292907715, -26.941387176513672, 0.0, 0.0, 1.0, -5.569009780883789, 152.0, 0.0, 0.0, -1.0113428831100464, 0.3042066693305969, 1.213911533355713, -0.03860865890809259
49311, 0.7224211692810059, -0.34116995334625244, 0.28687262535095215, 0.11326056718826294, 0.02875364199280739, 0.03861585631966591, 131575.171875, 155810.15625, 85181.796875, 121625.5625, 142522.9375, 103284.03125, 45.95742416381836, -1.5785611867904663, -20.469295501708984, -15.661039352416992, -8.71364688873291, -27.372831344604492, 0.0, 0.0, 1.0, -5.4002299308776855, 152.0, 0.0, 0.0, -1.0106418132781982, 0.3047733008861542, 1.2153406143188477, -0.033959166819172736
49331, 0.7241160869598389, -0.33913853764533997, 0.2879898250102997, 0.09760959446430206, 0.022939972579479218, 0.04154523089528084, 131572.3125, 155810.15625, 85185.8125, 121629.2890625, 142526.984375, 103280.84375, 48.17908477783203, -1.7066144943237305, -20.292734146118164, -14.8540678024292, -8.841864585876465, -27.72770881652832, 0.0, 0.0, 1.0, -5.213993549346924, 146.0, 0.0, 0.0, -1.0091657638549805, 0.3059540390968323, 1.216959834098816, -0.03534909276798893
49351, 0.7246643900871277, -0.3386773467063904, 0.288864403963089, 0.080080546438694, 0.012787393294274807, 0.044892318546772, 131571.3125, 155808.265625, 85178.2890625, 121613.9375, 142516.609375, 103277.265625, 50.034061431884766, -1.8101415634155273, -20.80381202697754, -15.279085159301758, -9.379889488220215, -28.522354125976562, 0.0, 0.0, 1.0, -5.008033275604248, 146.0, 0.0, 0.0, -1.0083431005477905, 0.30727872252464294, 1.21810781955719, -0.03115287794768439
49371, 0.7263926267623901, -0.33808889985084534, 0.28960365056991577, 0.06725668162107468, 0.004049293231219053, 0.041234493255615234, 131575.796875, 155812.0625, 85174.5234375, 121608.015625, 142523.421875, 103286.09375, 51.99760055541992, -1.8918311595916748, -21.01572608947754, -16.599456787109375, -9.440520286560059, -29.092878341674805, 0.0, 0.0, 1.0, -4.828109264373779, 146.0, 0.0, 0.0, -1.007962942123413, 0.30817943811416626, 1.2186453342437744, -0.028217815260673247
49392, 0.7257074117660522, -0.3371999263763428, 0.2904207110404968, 0.04896208271384239, -0.0033836360089480877, 0.04066294804215431, 131581.90625, 155808.265625, 85180.984375, 121613.0625, 142525.703125, 103279.3359375, 54.343231201171875, -1.8465895652770996, -21.31230354309082, -17.72372817993164, -9.133063316345215, -29.643878936767578, 0.0, 0.0, 1.0, -4.697500705718994, 131.0, 0.0, 0.0, -1.0076581239700317, 0.30913880467414856, 1.2192082405090332, -0.026463379511506843
49411, 0.7265793085098267, -0.3373439311981201, 0.2908521592617035, 0.03761700168251991, -0.012340444140136242, 0.0334099717438221, 131571.3125, 155808.265625, 85182.8671875, 121621.1796875, 142525.203125, 103283.46875, 56.429595947265625, -1.9028767347335815, -21.75778579711914, -17.968286514282227, -8.75478458404541, -30.293455123901367, 0.0, 0.0, 1.0, -4.578916072845459, 131.0, 0.0, 0.0, -1.0074372291564941, 0.310253769159317, 1.2194676399230957, -0.023961616589033768
49431, 0.7269319891929626, -0.33815157413482666, 0.2914945185184479, 0.026441220194101334, -0.022504176944494247, 0.03178393095731735, 131585.765625, 155810.15625, 85175.34375, 121617.4453125, 142529.75, 103286.84375, 57.99626159667969, -2.156695604324341, -21.592708587646484, -17.926912307739258, -8.187074661254883, -30.458602905273438, 0.0, 0.0, 1.0, -4.421451568603516, 131.0, 0.0, 0.0, -1.0076018571853638, 0.31067270040512085, 1.2196497917175293, -0.021225933694967444
49451, 0.7270153164863586, -0.3387049734592438, 0.292906254529953, 0.015521762892603874, -0.03165588155388832, 0.039318639785051346, 131580.28125, 155808.265625, 85176.40625, 121633.6796875, 142521.65625, 103277.265625, 59.57118606567383, -2.2648532390594482, -21.674652099609375, -17.174144744873047, -7.879941463470459, -30.967010498046875, 0.0, 0.0, 1.0, -4.297235012054443, 143.0, 0.0, 0.0, -1.007888913154602, 0.31171709299087524, 1.219544529914856, -0.01939672175135028
49472, 0.7246055603027344, -0.3388732075691223, 0.29366880655288696, -0.0011524234432727098, -0.039409197866916656, 0.03657542169094086, 131590.25, 155812.0625, 85182.046875, 121634.3359375, 142531.53125, 103274.453125, 61.44038009643555, -2.3503122329711914, -22.02151107788086, -15.54318618774414, -7.503766059875488, -32.128509521484375, 0.0, 0.0, 1.0, -4.157724380493164, 143.0, 0.0, 0.0, -1.008326530456543, 0.31270554661750793, 1.219218373298645, -0.018146013377280418
49492, 0.7243465185165405, -0.3392205834388733, 0.29438915848731995, -0.010443661361932755, -0.04613988474011421, 0.03578503429889679, 131590.875, 155812.0625, 85175.5859375, 121634.9921875, 142527.96875, 103281.9609375, 63.316383361816406, -2.308073043823242, -21.860815048217773, -14.012765884399414, -6.811093330383301, -32.90507507324219, 0.0, 0.0, 1.0, -4.0264105796813965, 133.0, 0.0, 0.0, -1.0088142156600952, 0.31377360224723816, 1.21882164478302, -0.0170508416494967
49512, 0.7240536212921143, -0.3410724401473999, 0.295242041349411, -0.01892792619764805, -0.05571763589978218, 0.04016400873661041, 131583.140625, 155812.0625, 85169.9453125, 121634.3359375, 142524.703125, 103276.515625, 65.54066467285156, -2.045954704284668, -21.674623489379883, -12.647141456604004, -6.578270435333252, -33.48801040649414, 0.0, 0.0, 1.0, -3.901845693588257, 133.0, 0.0, 0.0, -1.0096455812454224, 0.3150693476200104, 1.2182016372680664, -0.014522857074782871
49532, 0.7247664928436279, -0.3424547016620636, 0.29610541462898254, -0.023366715759038925, -0.0627533569931984, 0.045202236622571945, 131582.515625, 155810.15625, 85173.4609375, 121634.3359375, 142527.484375, 103275.203125, 67.07398223876953, -1.8021804094314575, -22.10211181640625, -11.675456047058105, -6.497203350067139, -34.163055419921875, 0.0, 0.0, 1.0, -3.812518835067749, 133.0, 0.0, 0.0, -1.010566234588623, 0.3164519667625427, 1.217219352722168, -0.013448144667811955
49552, 0.7240116596221924, -0.342807412147522, 0.2972504794597626, -0.030634818598628044, -0.06645961105823517, 0.05262642726302147, 131589.25, 155808.265625, 85165.9375, 121627.7578125, 142519.375, 103279.3359375, 67.92351531982422, -1.6823588609695435, -22.510717391967773, -11.51174545288086, -6.62308931350708, -34.96160888671875, 0.0, 0.0, 1.0, -3.7858989238739014, 129.0, 0.0, 0.0, -1.0114772319793701, 0.3173968493938446, 1.2164992094039917, -0.012599304165801477
49571, 0.7221603393554688, -0.34364816546440125, 0.29836490750312805, -0.039232347160577774, -0.07052158564329147, 0.05837449058890343, 131586.015625, 155812.0625, 85171.578125, 121631.484375, 142523.921875, 103276.515625, 68.9816665649414, -1.7800955772399902, -23.008440017700195, -11.854860305786133, -6.604720115661621, -35.72112274169922, 0.0, 0.0, 1.0, -3.724909543991089, 129.0, 0.0, 0.0, -1.0123884677886963, 0.3181775212287903, 1.21564781665802, -0.014059219067739905
49591, 0.7199620604515076, -0.3459826111793518, 0.2993409335613251, -0.04693528637290001, -0.07714952528476715, 0.06209542229771614, 131591.484375, 155806.359375, 85171.578125, 121620.515625, 142521.65625, 103286.84375, 70.07696533203125, -1.7491744756698608, -23.465028762817383, -11.694899559020996, -6.58613920211792, -36.28683090209961, 0.0, 0.0, 1.0, -3.656998872756958, 129.0, 0.0, 0.0, -1.0137054920196533, 0.31950727105140686, 1.2146530151367188, -0.01238808203347806
49611, 0.7178987264633179, -0.3473445773124695, 0.300593763589859, -0.05289279296994209, -0.08032156527042389, 0.062323182821273804, 131589.25, 155812.0625, 85175.34375, 121615.2578125, 142523.421875, 103273.890625, 71.1330337524414, -1.8191206455230713, -23.46096420288086, -11.583906173706055, -6.894277095794678, -36.839210510253906, 0.0, 0.0, 1.0, -3.518226385116577, 136.0, 0.0, 0.0, -1.015225887298584, 0.3210749328136444, 1.2133450508117676, -0.008263691823830497
49631, 0.7161427736282349, -0.3490626811981201, 0.301885187625885, -0.05650957673788071, -0.08349349349737167, 0.059975218027830124, 131587.0, 155808.265625, 85171.578125, 121621.8359375, 142526.984375, 103277.265625, 72.20989227294922, -1.871010184288025, -23.1539363861084, -11.936732292175293, -6.836508274078369, -37.22074890136719, 0.0, 0.0, 1.0, -3.34832763671875, 136.0, 0.0, 0.0, -1.0163021087646484, 0.321927934885025, 1.2125308513641357, -0.0061653694302162
49651, 0.7152283787727356, -0.3516422212123871, 0.30303117632865906, -0.05661923810839653, -0.08762536197900772, 0.05446099862456322, 131587.625, 155810.15625, 85169.4453125, 121615.2578125, 142525.203125, 103270.5078125, 72.86913299560547, -1.7993448972702026, -22.790252685546875, -12.577006340026855, -6.6109819412231445, -37.979103088378906, 0.0, 0.0, 1.0, -3.154024839401245, 136.0, 0.0, 0.0, -1.0179156064987183, 0.3226369321346283, 1.2112987041473389, -0.004447149525099895
49671, 0.7141669988632202, -0.35239312052726746, 0.30404040217399597, -0.056526582688093185, -0.08687792718410492, 0.046110380440950394, 131598.21875, 155806.359375, 85167.8125, 121608.671875, 142525.203125, 103282.15625, 73.318603515625, -1.8331046104431152, -22.709192276000977, -13.880669593811035, -6.508169174194336, -38.38261795043945, 0.0, 0.0, 1.0, -2.8900108337402344, 134.0, 0.0, 0.0, -1.0192910432815552, 0.32390493154525757, 1.210166096687317, 0.0032839518518688595
49691, 0.7132822275161743, -0.35446736216545105, 0.3065500855445862, -0.05507664754986763, -0.0885128453373909, 0.051347699016332626, 131598.21875, 155808.265625, 85169.6953125, 121612.40625, 142521.15625, 103279.3359375, 73.20275115966797, -1.9603742361068726, -22.971019744873047, -15.18995475769043, -6.642949104309082, -38.24897003173828, 0.0, 0.0, 1.0, -2.5652716159820557, 134.0, 0.0, 0.0, -1.0210368633270264, 0.324795126914978, 1.2092978954315186, 0.011314617288935989
49711, 0.7116480469703674, -0.3561021089553833, 0.3075820207595825, -0.05520952492952347, -0.08859948068857193, 0.05206946283578873, 131590.875, 155810.15625, 85163.8046875, 121610.2109375, 142527.96875, 103286.84375, 73.0559310913086, -2.383741855621338, -23.476953506469727, -16.255659103393555, -6.604259967803955, -37.87233352661133, 0.0, 0.0, 1.0, -2.176442861557007, 134.0, 0.0, 0.0, -1.0223056077957153, 0.325433611869812, 1.2086215019226074, 0.016482110861136084
49732, 0.7118850946426392, -0.35736212134361267, 0.3073168396949768, -0.049769870936870575, -0.08706526458263397, 0.04218701273202896, 131587.625, 155810.15625, 85161.109375, 121607.140625, 142525.203125, 103287.6015625, 73.94966125488281, -2.5346615314483643, -23.51622200012207, -17.48818588256836, -6.339443206787109, -37.07862091064453, 0.0, 0.0, 1.0, -1.7761951684951782, 143.0, 0.0, 0.0, -1.0242716073989868, 0.3265088200569153, 1.207314133644104, 0.025805281312640545
49751, 0.7093602418899536, -0.36038869619369507, 0.30814284086227417, -0.05135167017579079, -0.09002828598022461, 0.040893714874982834, 131580.90625, 155810.15625, 85161.109375, 121608.671875, 142530.25, 103284.78125, 75.00727844238281, -2.551243782043457, -22.86872100830078, -18.657655715942383, -5.973765850067139, -36.49788284301758, 0.0, 0.0, 1.0, -1.2885494232177734, 143.0, 0.0, 0.0, -1.025828242301941, 0.3271871507167816, 1.2064305543899536, 0.03390809334277681
49771, 0.7090599536895752, -0.3627230226993561, 0.30854955315589905, -0.04676564782857895, -0.09073875844478607, 0.035268981009721756, 131604.9375, 155810.15625, 85158.1640625, 121613.0625, 142523.421875, 103282.15625, 75.90023803710938, -2.7693521976470947, -22.097002029418945, -19.350017547607422, -5.74708366394043, -36.29729080200195, 0.0, 0.0, 1.0, -0.7551103830337524, 143.0, 0.0, 0.0, -1.027421474456787, 0.32780981063842773, 1.2058570384979248, 0.039840496662735744
49791, 0.7085990905761719, -0.364009290933609, 0.3092144727706909, -0.04308951273560524, -0.08821289986371994, 0.031217066571116447, 131593.734375, 155808.265625, 85162.171875, 121617.4453125, 142527.96875, 103287.6015625, 76.04904174804688, -2.7378745079040527, -21.48835563659668, -19.457319259643555, -5.672966003417969, -35.96800994873047, 0.0, 0.0, 1.0, -0.13589605689048767, 143.0, 0.0, 0.0, -1.0292991399765015, 0.32862064242362976, 1.2048325538635254, 0.05618172789085265
49811, 0.7081673741340637, -0.3653050363063812, 0.3097940683364868, -0.03983974829316139, -0.08543284237384796, 0.026555705815553665, 131590.484375, 155808.265625, 85162.171875, 121606.484375, 142525.703125, 103294.5546875, 75.57276153564453, -2.484983205795288, -21.283010482788086, -19.911155700683594, -5.4769768714904785, -34.984676361083984, 0.0, 0.0, 1.0, 0.5389378070831299, 143.0, 0.0, 0.0, -1.0306254625320435, 0.3294583559036255, 1.2041274309158325, 0.06572165368176999
49831, 0.7077357172966003, -0.369951069355011, 0.30990079045295715, -0.03680472820997238, -0.09066973626613617, 0.01690409518778324, 131588.625, 155812.0625, 85174.2734375, 121611.5234375, 142519.375, 103293.796875, 75.77228546142578, -2.3565638065338135, -21.31536102294922, -20.548311233520508, -5.300769329071045, -34.120948791503906, 0.0, 0.0, 1.0, 1.2569571733474731, 137.0, 0.0, 0.0, -1.032222032546997, 0.3298940062522888, 1.203471064567566, 0.07747237816965634
49851, 0.7076796293258667, -0.37182798981666565, 0.31014323234558105, -0.033308062702417374, -0.08795712888240814, 0.0076130046509206295, 131583.140625, 155810.15625, 85160.0390625, 121609.9921875, 142523.421875, 103290.421875, 76.5007553100586, -2.5527842044830322, -22.01058578491211, -20.729534149169922, -5.399528503417969, -33.71378707885742, 0.0, 0.0, 1.0, 2.0070290565490723, 137.0, 0.0, 0.0, -1.0334409475326538, 0.33019012212753296, 1.2028911113739014, 0.08997851156774672
49871, 0.7076730132102966, -0.37298545241355896, 0.30968865752220154, -0.02999897114932537, -0.08287907391786575, -0.004389291629195213, 131580.90625, 155806.359375, 85170.515625, 121608.671875, 142530.25, 103292.2890625, 77.0089340209961, -2.716158866882324, -23.127756118774414, -21.125091552734375, -5.841734886169434, -33.17188262939453, 0.0, 0.0, 1.0, 2.7436726093292236, 137.0, 0.0, 0.0, -1.0352660417556763, 0.33052489161491394, 1.2017934322357178, 0.10647614634460412
49891, 0.7068631052970886, -0.3747035264968872, 0.3095419108867645, -0.028905507177114487, -0.07892626523971558, -0.009950466454029083, 131593.109375, 155808.265625, 85163.8046875, 121613.71875, 142530.25, 103286.2890625, 77.03227996826172, -2.7436559200286865, -23.3320255279541, -21.425477981567383, -5.719546794891357, -32.81746292114258, 0.0, 0.0, 1.0, 3.450101137161255, 141.0, 0.0, 0.0, -1.0366209745407104, 0.33107492327690125, 1.2012919187545776, 0.12026018759155853
49911, 0.7056264281272888, -0.3779292106628418, 0.3111390471458435, -0.028944076970219612, -0.07852918654680252, -0.007137424312531948, 131602.078125, 155812.0625, 85161.921875, 121613.71875, 142524.421875, 103286.2890625, 77.02637481689453, -2.7571942806243896, -22.90550994873047, -21.39360809326172, -5.453559398651123, -32.77767562866211, 0.0, 0.0, 1.0, 4.111944198608398, 141.0, 0.0, 0.0, -1.0376828908920288, 0.33089885115623474, 1.2007488012313843, 0.1272750338167968
49932, 0.70524001121521, -0.3794677257537842, 0.3109436333179474, -0.027106396853923798, -0.07397192716598511, -0.012344100512564182, 131579.28125, 155806.359375, 85163.8046875, 121610.8671875, 142523.421875, 103288.9140625, 77.5716552734375, -2.4367318153381348, -22.495914459228516, -21.51238250732422, -5.600311279296875, -32.60470199584961, 0.0, 0.0, 1.0, 4.778730869293213, 141.0, 0.0, 0.0, -1.0390212535858154, 0.33097437024116516, 1.2000788450241089, 0.14018479500342937
49951, 0.7041021585464478, -0.3811165392398834, 0.3124006986618042, -0.027517320588231087, -0.07005095481872559, -0.007099567446857691, 131586.015625, 155808.265625, 85151.703125, 121611.5234375, 142521.65625, 103277.265625, 77.2283706665039, -2.249279022216797, -22.04172134399414, -21.72771644592285, -5.884934902191162, -32.97056198120117, 0.0, 0.0, 1.0, 5.453962802886963, 142.0, 0.0, 0.0, -1.0403157472610474, 0.3309347331523895, 1.1993958950042725, 0.1520491623243826
49971, 0.703663170337677, -0.38224345445632935, 0.31225380301475525, -0.0262200478464365, -0.06509899348020554, -0.0073647391982376575, 131585.390625, 155808.265625, 85154.6484375, 121609.328125, 142525.203125, 103288.3515625, 75.97099304199219, -2.2865893840789795, -22.12498664855957, -21.99199104309082, -6.03526496887207, -33.33753204345703, 0.0, 0.0, 1.0, 6.105648040771484, 142.0, 0.0, 0.0, -1.0413044691085815, 0.3311566710472107, 1.198744297027588, 0.161532578006115
49991, 0.7038045525550842, -0.3834938704967499, 0.31212589144706726, -0.023406527936458588, -0.06053853780031204, -0.0052931602112948895, 131589.25, 155808.265625, 85161.109375, 121616.7890625, 142532.515625, 103283.46875, 75.15384674072266, -2.2016797065734863, -22.6251163482666, -21.91532325744629, -5.554408550262451, -33.3232536315918, 0.0, 0.0, 1.0, 6.736681938171387, 142.0, 0.0, 0.0, -1.042400598526001, 0.33120331168174744, 1.1980438232421875, 0.17254777116660164
50011, 0.7022417187690735, -0.3849083185195923, 0.3115193545818329, -0.02494148537516594, -0.056811440736055374, -0.010226613841950893, 131583.140625, 155808.265625, 85152.515625, 121613.71875, 142530.75, 103284.9765625, 74.5657730102539, -2.1158926486968994, -22.44752311706543, -21.5855655670166, -4.8134894371032715, -33.51085662841797, 0.0, 0.0, 1.0, 7.361719131469727, 152.0, 0.0, 0.0, -1.0430597066879272, 0.3311617970466614, 1.1977263689041138, 0.18240772823370532
50031, 0.7020640969276428, -0.3861345946788788, 0.3112947344779968, -0.02305842936038971, -0.052783407270908356, -0.012181781232357025, 131589.875, 155808.265625, 85150.8828125, 121617.4453125, 142527.96875, 103284.78125, 73.8720932006836, -2.0293915271759033, -22.319473266601562, -21.539472579956055, -4.5384697914123535, -33.411766052246094, 0.0, 0.0, 1.0, 7.97028923034668, 152.0, 0.0, 0.0, -1.0439491271972656, 0.3309664726257324, 1.197108507156372, 0.19273461964996755
50051, 0.7016164660453796, -0.3871403932571411, 0.3118208348751068, -0.022232674062252045, -0.04869662597775459, -0.007243641652166843, 131589.25, 155806.359375, 85155.4609375, 121616.5703125, 142524.421875, 103285.53125, 73.24736022949219, -1.942321538925171, -22.692331314086914, -21.608509063720703, -5.163383960723877, -33.725830078125, 0.0, 0.0, 1.0, 8.53604793548584, 152.0, 0.0, 0.0, -1.0448228120803833, 0.33085671067237854, 1.196742057800293, 0.19988472065737295
50072, 0.700936496257782, -0.3864925801753998, 0.3117123246192932, -0.022388579323887825, -0.04134434834122658, -0.003381420625373721, 131580.90625, 155808.265625, 85155.4609375, 121619.640625, 142520.375, 103285.7265625, 72.99353790283203, -1.9623074531555176, -22.76654815673828, -21.779199600219727, -5.432011604309082, -34.24717330932617, 0.0, 0.0, 1.0, 9.074667930603027, 167.0, 0.0, 0.0, -1.0456782579421997, 0.3309544324874878, 1.1960513591766357, 0.21038506456124598
50092, 0.7004347443580627, -0.38827571272850037, 0.31219619512557983, -0.022132618352770805, -0.040820758789777756, 0.0014268574304878712, 131586.015625, 155810.15625, 85149.5703125, 121611.5234375, 142521.65625, 103280.0859375, 72.21871185302734, -1.9697644710540771, -22.48323631286621, -21.879589080810547, -5.511214733123779, -34.52865982055664, 0.0, 0.0, 1.0, 9.588301658630371, 167.0, 0.0, 0.0, -1.046555995941162, 0.331250935792923, 1.1955573558807373, 0.22077497082816283
50111, 0.7012050747871399, -0.39003658294677734, 0.31225210428237915, -0.018619738519191742, -0.04086470231413841, 0.00439328933134675, 131583.140625, 155806.359375, 85149.8203125, 121618.1015625, 142521.15625, 103287.6015625, 71.30558776855469, -1.7519896030426025, -22.473270416259766, -21.62059783935547, -6.221468448638916, -35.09451675415039, 0.0, 0.0, 1.0, 10.083292007446289, 167.0, 0.0, 0.0, -1.0472185611724854, 0.33126020431518555, 1.1948930025100708, 0.23052852480534916
50132, 0.7008817195892334, -0.3907223641872406, 0.31181618571281433, -0.017712509259581566, -0.03902586176991463, 0.0023705230560153723, 131583.140625, 155806.359375, 85160.2890625, 121613.71875, 142523.921875, 103282.15625, 70.57884216308594, -1.656153917312622, -22.691734313964844, -21.290542602539062, -6.521847248077393, -35.56244659423828, 0.0, 0.0, 1.0, 10.576288223266602, 176.0, 0.0, 0.0, -1.04794442653656, 0.33163875341415405, 1.1942602396011353, 0.23859024254744318
50152, 0.699752688407898, -0.39087995886802673, 0.3118356168270111, -0.018575791269540787, -0.03659357875585556, -0.00025972776347771287, 131578.65625, 155808.265625, 85144.9921875, 121616.5703125, 142527.484375, 103278.5859375, 69.72987365722656, -1.775190830230713, -22.190616607666016, -20.9470272064209, -6.328829288482666, -35.99645233154297, 0.0, 0.0, 1.0, 11.0957670211792, 176.0, 0.0, 0.0, -1.048825740814209, 0.33150598406791687, 1.1936970949172974, 0.2484254078117648
50172, 0.7015246748924255, -0.38864362239837646, 0.31182247400283813, -0.012246307916939259, -0.029046695679426193, -0.0014265147037804127, 131582.515625, 155806.359375, 85152.765625, 121617.4453125, 142518.109375, 103271.8203125, 68.89996337890625, -2.191392421722412, -22.3524112701416, -20.41868782043457, -6.4832763671875, -36.972320556640625, 0.0, 0.0, 1.0, 11.619400978088379, 176.0, 0.0, 0.0, -1.0493947267532349, 0.3318391442298889, 1.193336009979248, 0.2547635327396303
50192, 0.7026423811912537, -0.3926483988761902, 0.31098541617393494, -0.00727576669305563, -0.03667425736784935, -0.007843879982829094, 131583.765625, 155810.15625, 85147.9375, 121620.296875, 142515.828125, 103271.8203125, 68.1580810546875, -2.656822919845581, -23.41987419128418, -19.726762771606445, -7.274541854858398, -38.226871490478516, 0.0, 0.0, 1.0, 12.123920440673828, 180.0, 0.0, 0.0, -1.0506449937820435, 0.3321194350719452, 1.1928889751434326, 0.2663329621505759
50211, 0.6974362134933472, -0.3904308080673218, 0.3108062446117401, -0.017875539138913155, -0.028973352164030075, -0.011391546577215195, 131581.53125, 155804.46875, 85146.875, 121615.2578125, 142523.421875, 103278.0234375, 67.49485778808594, -2.7382428646087646, -23.897024154663086, -19.223716735839844, -7.674205303192139, -38.99641799926758, 0.0, 0.0, 1.0, 12.586782455444336, 180.0, 0.0, 0.0, -1.0517017841339111, 0.3323434889316559, 1.192598581314087, 0.27332131045268204
50232, 0.704601526260376, -0.4039653241634369, 0.3111022114753723, 0.002110644243657589, -0.05975331366062164, -0.007751437369734049, 131581.53125, 155804.46875, 85142.8671875, 121620.953125, 142523.15625, 103280.0859375, 66.57853698730469, -2.69301176071167, -24.03071403503418, -18.728702545166016, -7.612471103668213, -39.218780517578125, 0.0, 0.0, 1.0, 13.042181968688965, 178.0, 0.0, 0.0, -1.0526247024536133, 0.3320048749446869, 1.1921916007995605, 0.2818302266408986
50252, 0.7051968574523926, -0.40543392300605774, 0.31097131967544556, 0.00557669484987855, -0.06062686815857887, -0.005255590192973614, 131585.390625, 155806.359375, 85143.9296875, 121624.6875, 142518.109375, 103275.953125, 65.18546295166016, -2.5336852073669434, -23.84592056274414, -17.74599838256836, -7.854243278503418, -39.53836441040039, 0.0, 0.0, 1.0, 13.548171997070312, 178.0, 0.0, 0.0, -1.0537985563278198, 0.33245182037353516, 1.1915656328201294, 0.2924727245478911
50271, 0.7042980194091797, -0.40560320019721985, 0.31213340163230896, 0.005308225750923157, -0.05795854330062866, 0.0043789418414235115, 131574.796875, 155804.46875, 85144.1796875, 121626.875, 142524.421875, 103271.265625, 63.292911529541016, -2.3807456493377686, -23.63642692565918, -16.529150009155273, -7.994162082672119, -40.325050354003906, 0.0, 0.0, 1.0, 14.073894500732422, 178.0, 0.0, 0.0, -1.0545735359191895, 0.3327907621860504, 1.191320776939392, 0.2985518443577485
50291, 0.7030258774757385, -0.406838595867157, 0.3122602105140686, 0.00393402436748147, -0.057220444083213806, 0.00798595231026411, 131570.3125, 155806.359375, 85142.296875, 121620.953125, 142514.0625, 103269.1953125, 61.73841857910156, -2.34196400642395, -23.722814559936523, -15.649999618530273, -8.342308044433594, -41.408817291259766, 0.0, 0.0, 1.0, 14.577034950256348, 180.0, 0.0, 0.0, -1.05584716796875, 0.3329533338546753, 1.1910642385482788, 0.3082236344557524
50311, 0.7031742334365845, -0.4081537127494812, 0.31305429339408875, 0.00571492500603199, -0.05623749643564224, 0.011785110458731651, 131573.1875, 155802.5625, 85141.484375, 121616.5703125, 142519.875, 103274.640625, 60.9766731262207, -2.511108875274658, -24.071653366088867, -14.860530853271484, -8.647610664367676, -42.342994689941406, 0.0, 0.0, 1.0, 15.098408699035645, 180.0, 0.0, 0.0, -1.0568833351135254, 0.33328717947006226, 1.1908831596374512, 0.317647192547527
50331, 0.7032891511917114, -0.41015347838401794, 0.31329843401908875, 0.0072383699007332325, -0.05658537894487381, 0.012815325520932674, 131576.421875, 155806.359375, 85150.640625, 121617.2265625, 142522.15625, 103276.7109375, 60.391929626464844, -2.757107973098755, -24.575984954833984, -14.027863502502441, -8.430062294006348, -42.825233459472656, 0.0, 0.0, 1.0, 15.592045783996582, 180.0, 0.0, 0.0, -1.0581997632980347, 0.33320435881614685, 1.190696358680725, 0.3261102395757673
50351, 0.7024340629577637, -0.41070854663848877, 0.3135685622692108, 0.006251090206205845, -0.05298057943582535, 0.013422328978776932, 131568.078125, 155806.359375, 85144.9921875, 121629.7265625, 142515.828125, 103268.4453125, 59.58578109741211, -2.75038480758667, -25.051803588867188, -13.157050132751465, -8.360285758972168, -43.139198303222656, 0.0, 0.0, 1.0, 16.09626007080078, 183.0, 0.0, 0.0, -1.0593936443328857, 0.33333101868629456, 1.1903291940689087, 0.3349013437308036
50371, 0.7019908428192139, -0.4121433198451996, 0.3135584592819214, 0.0061525083146989346, -0.05125833675265312, 0.008722955361008644, 131572.5625, 155804.46875, 85148.5078125, 121629.0703125, 142520.375, 103272.015625, 58.05689239501953, -2.841052770614624, -25.63942527770996, -12.253042221069336, -8.322981834411621, -43.27235412597656, 0.0, 0.0, 1.0, 16.570362091064453, 183.0, 0.0, 0.0, -1.0601392984390259, 0.3332293629646301, 1.1899579763412476, 0.3393523147713179
50391, 0.7026275396347046, -0.4143865704536438, 0.3136930465698242, 0.008587362244725227, -0.051351532340049744, 0.004998020362108946, 131570.9375, 155806.359375, 85151.453125, 121629.7265625, 142513.5625, 103276.515625, 56.541709899902344, -3.017179250717163, -25.38521385192871, -11.407488822937012, -8.7709321975708, -43.24498748779297, 0.0, 0.0, 1.0, 16.998672485351562, 183.0, 0.0, 0.0, -1.061575174331665, 0.3333198130130768, 1.1896907091140747, 0.3503968784326133
50411, 0.7001319527626038, -0.4164712131023407, 0.3150976896286011, 0.003816167591139674, -0.05073699355125427, 0.004469319712370634, 131559.734375, 155804.46875, 85142.046875, 121631.921875, 142522.15625, 103270.5078125, 55.51032638549805, -2.9482696056365967, -23.960485458374023, -10.280043601989746, -9.164461135864258, -43.647071838378906, 0.0, 0.0, 1.0, 17.497438430786133, 186.0, 0.0, 0.0, -1.0625979900360107, 0.3329967260360718, 1.1895241737365723, 0.3582148338855664
50431, 0.7013088464736938, -0.4177436828613281, 0.3151347041130066, 0.007191442418843508, -0.04827089607715607, -7.51769111957401e-05, 131565.828125, 155806.359375, 85142.8671875, 121634.1171875, 142523.421875, 103272.578125, 53.841041564941406, -2.876121759414673, -22.969335556030273, -9.02669620513916, -8.953432083129883, -44.22809982299805, 0.0, 0.0, 1.0, 18.005455017089844, 186.0, 0.0, 0.0, -1.0636199712753296, 0.33278632164001465, 1.1892822980880737, 0.3646017110727001
50451, 0.7010846734046936, -0.4198536276817322, 0.31381529569625854, 0.007207183632999659, -0.04772351309657097, -0.013516673818230629, 131564.828125, 155804.46875, 85143.1171875, 121631.921875, 142515.828125, 103267.1328125, 52.04231262207031, -2.801154375076294, -22.482995986938477, -7.91017484664917, -9.118138313293457, -44.93573760986328, 0.0, 0.0, 1.0, 18.525896072387695, 186.0, 0.0, 0.0, -1.0646334886550903, 0.3322681784629822, 1.189123511314392, 0.37206548746502155
50471, 0.7005073428153992, -0.42218300700187683, 0.3134836256504059, 0.006336667574942112, -0.04748404771089554, -0.01965654082596302, 131569.6875, 155804.46875, 85140.4140625, 121637.84375, 142518.109375, 103273.328125, 50.705448150634766, -2.7237417697906494, -21.900365829467773, -6.705733776092529, -9.55968952178955, -45.52256393432617, 0.0, 0.0, 1.0, 19.00045394897461, 186.0, 0.0, 0.0, -1.065731167793274, 0.3317658305168152, 1.1888922452926636, 0.3806779038424257
50491, 0.6992688179016113, -0.423678994178772, 0.3133930563926697, 0.0033991180825978518, -0.04491182044148445, -0.024667851626873016, 131568.703125, 155802.5625, 85137.46875, 121637.84375, 142519.875, 103273.328125, 49.70974349975586, -2.7508320808410645, -21.431432723999023, -5.300831317901611, -9.718745231628418, -45.6946907043457, 0.0, 0.0, 1.0, 19.509981155395508, 186.0, 0.0, 0.0, -1.0667407512664795, 0.3310048282146454, 1.1887720823287964, 0.3916818749515819
50511, 0.6980487704277039, -0.4248417615890503, 0.3128228783607483, 0.00028517816099338233, -0.04162641242146492, -0.032195426523685455, 131560.734375, 155802.5625, 85133.4609375, 121640.0390625, 142521.65625, 103274.640625, 49.018348693847656, -2.871500015258789, -21.244352340698242, -3.9288296699523926, -9.654361724853516, -45.77410888671875, 0.0, 0.0, 1.0, 20.003314971923828, 187.0, 0.0, 0.0, -1.0674132108688354, 0.33052873611450195, 1.1887215375900269, 0.395528638071758
50531, 0.6980512142181396, -0.4256719946861267, 0.3121185898780823, -2.029653660429176e-05, -0.03745941072702408, -0.03501058369874954, 131550.765625, 155804.46875, 85132.6484375, 121633.453125, 142520.375, 103273.328125, 47.87406539916992, -3.075101613998413, -21.381046295166016, -2.9584310054779053, -9.564486503601074, -45.84523010253906, 0.0, 0.0, 1.0, 20.488252639770508, 187.0, 0.0, 0.0, -1.0683395862579346, 0.3297032415866852, 1.1886743307113647, 0.4043900303822144
50551, 0.6979440450668335, -0.4274936616420746, 0.31050145626068115, -0.0005745801609009504, -0.03584959730505943, -0.04229829087853432, 131554.625, 155804.46875, 85125.9375, 121636.9609375, 142515.828125, 103267.1328125, 45.82218551635742, -3.1371400356292725, -21.68418312072754, -2.2710514068603516, -9.80891227722168, -46.332313537597656, 0.0, 0.0, 1.0, 20.934492111206055, 187.0, 0.0, 0.0, -1.0691136121749878, 0.3289409279823303, 1.1887412071228027, 0.4133440769566045
50571, 0.6979317665100098, -0.42816680669784546, 0.3096809983253479, -0.0006543169147334993, -0.031430646777153015, -0.039640843868255615, 131549.140625, 155806.359375, 85132.6484375, 121639.15625, 142521.65625, 103275.953125, 43.633602142333984, -3.0735344886779785, -22.287200927734375, -1.0061569213867188, -10.021098136901855, -46.88145446777344, 0.0, 0.0, 1.0, 21.407621383666992, 185.0, 0.0, 0.0, -1.0696693658828735, 0.3284261226654053, 1.1888024806976318, 0.41996468415497407
50592, 0.6986668109893799, -0.4295503497123718, 0.3084099590778351, 0.000970671244431287, -0.02859785221517086, -0.035030707716941833, 131549.765625, 155804.46875, 85131.578125, 121634.1171875, 142518.109375, 103278.0234375, 41.578243255615234, -2.8993842601776123, -22.732011795043945, 0.7825111150741577, -10.10407543182373, -47.22047424316406, 0.0, 0.0, 1.0, 21.896522521972656, 185.0, 0.0, 0.0, -1.0703880786895752, 0.32771578431129456, 1.189146876335144, 0.4301959836509554
50611, 0.6989590525627136, -0.43056946992874146, 0.30779317021369934, 0.0015379342949017882, -0.02507428266108036, -0.026036804541945457, 131559.734375, 155802.5625, 85125.9375, 121646.6171875, 142522.65625, 103267.1328125, 39.46022415161133, -2.733901262283325, -22.718046188354492, 2.7376108169555664, -10.556085586547852, -47.563575744628906, 0.0, 0.0, 1.0, 22.408483505249023, 185.0, 0.0, 0.0, -1.0708720684051514, 0.32757267355918884, 1.1892802715301514, 0.43672857581834595
50631, 0.6992502808570862, -0.4316089451313019, 0.3072299659252167, 0.002128442982211709, -0.021954268217086792, -0.015391702763736248, 131553.0, 155804.46875, 85140.171875, 121651.0, 142521.65625, 103269.1953125, 38.158729553222656, -2.790342092514038, -22.993133544921875, 4.628327369689941, -11.052332878112793, -47.28488540649414, 0.0, 0.0, 1.0, 22.87729835510254, 32766.0, 0.0, 0.0, -1.071374535560608, 0.32688286900520325, 1.189505934715271, 0.44632797356401327
50651, 0.6989087462425232, -0.43091386556625366, 0.3070174753665924, 0.0012393200304359198, -0.015153520740568638, -0.005839002318680286, 131549.140625, 155802.5625, 85143.9296875, 121650.125, 142515.328125, 103276.1484375, 37.13327407836914, -2.8295249938964844, -23.464111328125, 6.213799476623535, -11.387445449829102, -46.719078063964844, 0.0, 0.0, 1.0, 23.346656799316406, 32766.0, 0.0, 0.0, -1.0719698667526245, 0.32652249932289124, 1.1897202730178833, 0.4557296169619632
50671, 0.6989352107048035, -0.43116703629493713, 0.30739596486091614, 0.001180906780064106, -0.010971619747579098, 0.007148013450205326, 131542.421875, 155804.46875, 85140.984375, 121651.0, 142516.828125, 103267.8828125, 36.29710006713867, -2.639256715774536, -23.624366760253906, 7.576613903045654, -11.62252140045166, -46.905189514160156, 0.0, 0.0, 1.0, 23.818767547607422, 32766.0, 0.0, 0.0, -1.0722243785858154, 0.32639119029045105, 1.1899638175964355, 0.4621614594532038
50692, 0.6985923051834106, -0.4313667118549347, 0.30763599276542664, 0.00030546190100722015, -0.007184899412095547, 0.017133871093392372, 131544.03125, 155800.671875, 85147.6875, 121654.5078125, 142520.375, 103272.578125, 35.608341217041016, -2.459667444229126, -23.99343490600586, 9.02458381652832, -11.540459632873535, -47.27145767211914, 0.0, 0.0, 1.0, 24.304706573486328, 32766.0, 0.0, 0.0, -1.072625994682312, 0.3264998197555542, 1.1902666091918945, 0.47230850364655336
50711, 0.7083888649940491, -0.4333476126194, 0.30806466937065125, 0.0221098642796278, -0.009218513034284115, 0.024955591186881065, 131546.90625, 155804.46875, 85142.046875, 121656.046875, 142520.375, 103267.1328125, 34.85527420043945, -2.717026948928833, -24.12323570251465, 10.58491325378418, -11.260794639587402, -47.63825607299805, 0.0, 0.0, 1.0, 24.86198616027832, 32766.0, 0.0, 0.0, -1.0727331638336182, 0.3265717029571533, 1.190593957901001, 0.479341352185074
50731, 0.7088378667831421, -0.4335251450538635, 0.3076109290122986, 0.022902581840753555, -0.006663958076387644, 0.023383919149637222, 131542.421875, 155806.359375, 85138.2890625, 121658.2421875, 142519.875, 103271.265625, 34.42459487915039, -3.1486334800720215, -23.888225555419922, 12.16975212097168, -11.035110473632812, -48.03696823120117, 0.0, 0.0, 1.0, 25.386856079101562, 32766.0, 0.0, 0.0, -1.073111891746521, 0.32676735520362854, 1.1910240650177002, 0.4900286027339069
50751, 0.7093080878257751, -0.4336337745189667, 0.3081169128417969, 0.024131424725055695, -0.004236429929733276, 0.02640818990767002, 131552.390625, 155800.671875, 85138.0390625, 121659.5546875, 142522.65625, 103269.953125, 33.900508880615234, -3.1996777057647705, -23.64780616760254, 13.761937141418457, -10.70064926147461, -48.23064422607422, 0.0, 0.0, 1.0, 25.9345703125, 32766.0, 0.0, 0.0, -1.0734261274337769, 0.32696351408958435, 1.1916402578353882, 0.5012424302740979
50771, 0.7109471559524536, -0.4338618814945221, 0.30850327014923096, 0.028089473024010658, -0.002215116983279586, 0.026786914095282555, 131546.28125, 155802.5625, 85132.3984375, 121661.09375, 142521.375, 103272.578125, 33.512451171875, -3.127152681350708, -23.025209426879883, 15.32288646697998, -10.313103675842285, -48.32728958129883, 0.0, 0.0, 1.0, 26.50715446472168, 32766.0, 0.0, 0.0, -1.0735692977905273, 0.3270167112350464, 1.1920433044433594, 0.5090737421777647
50791, 0.7118216753005981, -0.43440815806388855, 0.3090372085571289, 0.03039947710931301, -0.000704327248968184, 0.02634270489215851, 131548.515625, 155804.46875, 85137.2265625, 121672.0546875, 142515.828125, 103268.4453125, 32.936100006103516, -3.1591591835021973, -22.428342819213867, 17.399045944213867, -10.349263191223145, -48.49681854248047, 0.0, 0.0, 1.0, 27.0602970123291, 32766.0, 0.0, 0.0, -1.0737569332122803, 0.3278028964996338, 1.1925684213638306, 0.5218816937792178
50811, 0.7108980417251587, -0.43496328592300415, 0.30972594022750854, 0.028880437836050987, 0.0008272805134765804, 0.024703174829483032, 131549.765625, 155806.359375, 85134.28125, 121666.1328125, 142516.828125, 103274.0859375, 32.19312286376953, -3.176388740539551, -21.90012550354004, 19.843971252441406, -10.7604341506958, -48.83661651611328, 0.0, 0.0, 1.0, 27.593568801879883, 32766.0, 0.0, 0.0, -1.0738129615783691, 0.32756850123405457, 1.192954659461975, 0.5266317916162031
50831, 0.7146700024604797, -0.43539196252822876, 0.3101674020290375, 0.037227973341941833, 0.002171324798837304, 0.02022097259759903, 131553.0, 155804.46875, 85137.2265625, 121673.59375, 142516.828125, 103263.0, 31.555747985839844, -2.9663844108581543, -21.567138671875, 21.872793197631836, -10.80705451965332, -49.21048355102539, 0.0, 0.0, 1.0, 28.142175674438477, 32766.0, 0.0, 0.0, -1.0739294290542603, 0.3277745842933655, 1.1936759948730469, 0.5373709096670107
50851, 0.7152856588363647, -0.4351843297481537, 0.3105509579181671, 0.03839383274316788, 0.004934709053486586, 0.01770872063934803, 131555.25, 155800.671875, 85128.6328125, 121676.4453125, 142522.65625, 103267.1328125, 30.85041046142578, -2.7690412998199463, -21.6657772064209, 23.616836547851562, -10.38658332824707, -49.73060607910156, 0.0, 0.0, 1.0, 28.64381980895996, 32766.0, 0.0, 0.0, -1.0740139484405518, 0.3277914822101593, 1.1941943168640137, 0.5453832536418343
50871, 0.7151514291763306, -0.4365396499633789, 0.30895039439201355, 0.037672143429517746, 0.003794079879298806, 0.004398716147989035, 131548.515625, 155802.5625, 85131.3359375, 121685.4375, 142519.109375, 103258.3125, 30.68269920349121, -2.7971887588500977, -21.45165252685547, 25.601659774780273, -10.063939094543457, -49.999454498291016, 0.0, 0.0, 1.0, 29.08069610595703, 32766.0, 0.0, 0.0, -1.0739309787750244, 0.3276040554046631, 1.194737195968628, 0.5520880297110072
50891, 0.7145072221755981, -0.4383699893951416, 0.30897000432014465, 0.03623100742697716, 1.2734809388348367e-05, -0.002547402633354068, 131553.625, 155800.671875, 85136.40625, 121678.640625, 142522.15625, 103269.7578125, 30.23346710205078, -2.8112642765045166, -20.549596786499023, 27.95987319946289, -9.688234329223633, -50.087467193603516, 0.0, 0.0, 1.0, 29.48568344116211, 32766.0, 0.0, 0.0, -1.0741767883300781, 0.3275163769721985, 1.1951420307159424, 0.5616543736909333
50911, 0.7148091793060303, -0.4303340017795563, 0.30762964487075806, 0.03719330579042435, 0.015127114951610565, -0.014628000557422638, 131557.484375, 155802.5625, 85132.6484375, 121683.0234375, 142518.109375, 103263.75, 29.352407455444336, -2.919459104537964, -19.221582412719727, 30.313661575317383, -9.478080749511719, -50.544517517089844, 0.0, 0.0, 1.0, 29.89722442626953, 32766.0, 0.0, 0.0, -1.0743277072906494, 0.32734087109565735, 1.195647954940796, 0.5664792019282202
50931, 0.7143403887748718, -0.43064653873443604, 0.3073069453239441, 0.03707977011799812, 0.009742194786667824, -0.017322305589914322, 131549.140625, 155800.671875, 85128.6328125, 121683.6796875, 142519.109375, 103263.75, 29.06515121459961, -3.004462718963623, -17.8809814453125, 32.4511833190918, -9.571802139282227, -51.21189880371094, 0.0, 0.0, 1.0, 30.291074752807617, 32766.0, 0.0, 0.0, -1.0748488903045654, 0.3268849849700928, 1.196241855621338, 0.5729134950936976
50952, 0.7161076068878174, -0.43031346797943115, 0.3069135844707489, 0.04217071086168289, 0.004244585055857897, -0.016129659488797188, 131553.625, 155802.5625, 85129.703125, 121680.828125, 142523.65625, 103268.4453125, 28.546306610107422, -3.0688273906707764, -17.042579650878906, 34.196983337402344, -9.337660789489746, -51.53584289550781, 0.0, 0.0, 1.0, 30.679258346557617, 32766.0, 0.0, 0.0, -1.0754387378692627, 0.3266527056694031, 1.197186827659607, 0.5796881575246202
50971, 0.7176082134246826, -0.43072831630706787, 0.3066224157810211, 0.047067128121852875, -0.0041452436707913876, -0.01226471085101366, 131541.796875, 155804.46875, 85128.8828125, 121688.9453125, 142531.25, 103265.8203125, 27.85762596130371, -3.1139514446258545, -16.378541946411133, 36.01511764526367, -8.440098762512207, -51.70287322998047, 0.0, 0.0, 1.0, 31.07196044921875, 32766.0, 0.0, 0.0, -1.0762587785720825, 0.3268517553806305, 1.1979488134384155, 0.5890780101676757
50991, 0.7186093330383301, -0.4309031665325165, 0.3074677586555481, 0.0512724444270134, -0.012977617792785168, -0.0005111512145958841, 131542.421875, 155802.5625, 85130.765625, 121685.875, 142520.875, 103267.1328125, 26.8214054107666, -2.927860975265503, -15.689509391784668, 37.883731842041016, -7.796952247619629, -51.92131805419922, 0.0, 0.0, 1.0, 31.45840835571289, 32766.0, 0.0, 0.0, -1.0774853229522705, 0.32675743103027344, 1.1989009380340576, 0.5928652286704722
51012, 0.7179688215255737, -0.4305303692817688, 0.30751943588256836, 0.05222725495696068, -0.02119048684835434, 0.004841616377234459, 131550.140625, 155802.5625, 85130.765625, 121697.71875, 142516.328125, 103269.1953125, 25.259981155395508, -2.751763343811035, -14.932557106018066, 40.005882263183594, -8.064631462097168, -51.92088317871094, 0.0, 0.0, 1.0, 31.828598022460938, 32766.0, 0.0, 0.0, -1.078918695449829, 0.32690149545669556, 1.2000861167907715, 0.5997751025154614
51031, 0.7193887233734131, -0.43243327736854553, 0.3076304793357849, 0.05765894800424576, -0.03469696640968323, 0.007610656321048737, 131546.90625, 155798.78125, 85127.0, 121696.1875, 142516.328125, 103272.015625, 24.336902618408203, -2.6921584606170654, -14.069650650024414, 42.43818664550781, -8.554271697998047, -51.64122772216797, 0.0, 0.0, 1.0, 32.21805191040039, 32766.0, 0.0, 0.0, -1.0800117254257202, 0.32726266980171204, 1.2008883953094482, 0.6064764263708271
51052, 0.7186523079872131, -0.4339759349822998, 0.3079667091369629, 0.05818747356534004, -0.04740682244300842, 0.009642096236348152, 131544.65625, 155802.5625, 85128.8828125, 121690.2578125, 142524.921875, 103275.3984375, 23.76323127746582, -2.841686248779297, -13.432345390319824, 44.14113998413086, -8.50033950805664, -51.03959274291992, 0.0, 0.0, 1.0, 32.638790130615234, 32766.0, 0.0, 0.0, -1.0823283195495605, 0.32769161462783813, 1.2020143270492554, 0.6160002171848862
51072, 0.722245991230011, -0.43548473715782166, 0.308131605386734, 0.06755562126636505, -0.05903675779700279, 0.007932640612125397, 131542.421875, 155800.671875, 85124.875, 121694.6484375, 142529.96875, 103269.953125, 22.93783950805664, -2.9634194374084473, -12.88949966430664, 45.122161865234375, -8.26375961303711, -50.31178665161133, 0.0, 0.0, 1.0, 33.027103424072266, 32766.0, 0.0, 0.0, -1.0840061902999878, 0.3280208706855774, 1.2029238939285278, 0.6214378527103617
51092, 0.7272396087646484, -0.44018715620040894, 0.3090257942676544, 0.07968616485595703, -0.07705478370189667, 0.01078229770064354, 131549.140625, 155800.671875, 85128.6328125, 121700.5703125, 142516.328125, 103273.328125, 21.946123123168945, -2.953787326812744, -12.444082260131836, 46.6250114440918, -8.534953117370605, -49.92811584472656, 0.0, 0.0, 1.0, 33.40840530395508, 32766.0, 0.0, 0.0, -1.0863726139068604, 0.32828211784362793, 1.204411506652832, 0.6232127961315587
51112, 0.7268166542053223, -0.4394467771053314, 0.3092367351055145, 0.07969938218593597, -0.08300110697746277, 0.008624367415904999, 131548.515625, 155800.671875, 85129.703125, 121702.109375, 142525.421875, 103274.0859375, 21.313337326049805, -3.040841817855835, -11.979702949523926, 48.87343215942383, -8.444063186645508, -49.468971252441406, 0.0, 0.0, 1.0, 33.76893997192383, 32766.0, 0.0, 0.0, -1.0893640518188477, 0.3287982940673828, 1.2059004306793213, 0.6365461882999431
51132, 0.7283092737197876, -0.4448823630809784, 0.30962270498275757, 0.08306950330734253, -0.10120907425880432, 0.006766496226191521, 131539.5625, 155800.671875, 85127.8203125, 121701.2265625, 142521.375, 103274.0859375, 21.090227127075195, -3.1069984436035156, -11.212484359741211, 50.990413665771484, -7.917449951171875, -48.678428649902344, 0.0, 0.0, 1.0, 34.128597259521484, 32766.0, 0.0, 0.0, -1.0916715860366821, 0.32929250597953796, 1.207151174545288, 0.6398369027803296
51151, 0.7301053404808044, -0.44835251569747925, 0.30971041321754456, 0.0864032506942749, -0.11385239660739899, 0.001576407696120441, 131547.53125, 155804.46875, 85124.0546875, 121699.6953125, 142515.0625, 103278.21875, 20.34699821472168, -3.1545650959014893, -10.495676040649414, 52.5684700012207, -8.031145095825195, -47.93280792236328, 0.0, 0.0, 1.0, 34.47414016723633, 32766.0, 0.0, 0.0, -1.0950289964675903, 0.3296012580394745, 1.2087857723236084, 0.6434956324378629
51171, 0.7325044870376587, -0.4510067403316498, 0.3096686005592346, 0.09096888452768326, -0.12350395321846008, -0.004829102661460638, 131543.046875, 155802.5625, 85124.0546875, 121708.6875, 142523.65625, 103280.84375, 19.627477645874023, -2.971492290496826, -10.096832275390625, 54.13728332519531, -8.156866073608398, -47.07957077026367, 0.0, 0.0, 1.0, 34.79467010498047, 32766.0, 0.0, 0.0, -1.097667932510376, 0.3304327726364136, 1.2097463607788086, 0.6527500347313716
51191, 0.7334416508674622, -0.4528278410434723, 0.3088199198246002, 0.09231636673212051, -0.12984943389892578, -0.011933943256735802, 131543.671875, 155800.671875, 85121.1171875, 121701.2265625, 142519.609375, 103282.34375, 19.86967658996582, -2.5839290618896484, -9.767601013183594, 55.57292938232422, -8.007682800292969, -46.08964157104492, 0.0, 0.0, 1.0, 35.1571044921875, 32766.0, 0.0, 0.0, -1.1015987396240234, 0.3302406668663025, 1.2114707231521606, 0.659678513012759
51211, 0.7354678511619568, -0.4568493068218231, 0.30854329466819763, 0.0946858823299408, -0.13816671073436737, -0.014826381579041481, 131541.796875, 155800.671875, 85125.6875, 121710.8828125, 142519.109375, 103287.7890625, 20.045068740844727, -2.12272310256958, -9.394201278686523, 56.92635726928711, -8.128398895263672, -44.8205680847168, 0.0, 0.0, 1.0, 35.453678131103516, 32766.0, 0.0, 0.0, -1.104444146156311, 0.3305942118167877, 1.2125389575958252, 0.6616324047307203
51231, 0.7393251657485962, -0.4645354747772217, 0.3104318380355835, 0.09945311397314072, -0.15149451792240143, -0.010131957940757275, 131544.65625, 155798.78125, 85122.1796875, 121698.15625, 142521.375, 103288.546875, 19.978666305541992, -1.8106344938278198, -9.088507652282715, 57.90934371948242, -8.132514953613281, -43.34619140625, 0.0, 0.0, 1.0, 35.67129135131836, 32766.0, 0.0, 0.0, -1.1082786321640015, 0.3305585980415344, 1.214435338973999, 0.6674302581117783
51251, 0.7422597408294678, -0.46825143694877625, 0.3101871907711029, 0.10153596103191376, -0.15501835942268372, -0.014198457822203636, 131548.515625, 155800.671875, 85118.4140625, 121704.9609375, 142516.828125, 103287.234375, 19.69778823852539, -1.8443076610565186, -8.266425132751465, 58.40212631225586, -8.26138687133789, -42.07185363769531, 0.0, 0.0, 1.0, 35.95292282104492, 32766.0, 0.0, 0.0, -1.1124390363693237, 0.330252468585968, 1.21586012840271, 0.6741518516021883
51271, 0.7445482015609741, -0.4733801782131195, 0.3107132315635681, 0.10073566436767578, -0.16063952445983887, -0.008234656415879726, 131546.90625, 155802.5625, 85119.484375, 121696.84375, 142528.203125, 103291.921875, 19.09995460510254, -2.077225685119629, -7.502697467803955, 58.71955871582031, -7.987159252166748, -40.754337310791016, 0.0, 0.0, 1.0, 36.27803039550781, 32766.0, 0.0, 0.0, -1.1153978109359741, 0.33023878931999207, 1.2172231674194336, 0.6782889945404709
51291, 0.746063232421875, -0.4760110378265381, 0.31061047315597534, 0.09625788778066635, -0.15904897451400757, -0.0017531285993754864, 131546.90625, 155802.5625, 85130.515625, 121693.109375, 142524.921875, 103290.609375, 18.43899154663086, -2.3801286220550537, -7.534090518951416, 58.286861419677734, -7.283248424530029, -39.39950180053711, 0.0, 0.0, 1.0, 36.61318588256836, 32766.0, 0.0, 0.0, -1.1198408603668213, 0.3298882842063904, 1.2190479040145874, 0.6839983004343516
51311, 0.7472391128540039, -0.48176109790802, 0.3103615641593933, 0.08944056928157806, -0.16286689043045044, 0.0008427566499449313, 131544.65625, 155800.671875, 85115.46875, 121696.84375, 142523.15625, 103293.9921875, 18.22915267944336, -2.6382827758789062, -8.298661231994629, 57.238304138183594, -6.984591960906982, -38.16014862060547, 0.0, 0.0, 1.0, 36.937103271484375, 32766.0, 0.0, 0.0, -1.1226105690002441, 0.33073920011520386, 1.21975839138031, 0.6874781666492394
51331, 0.7491630911827087, -0.4842563271522522, 0.3104249835014343, 0.08245144039392471, -0.157462015748024, 0.006005259696394205, 131544.65625, 155798.78125, 85117.3515625, 121685.21875, 142521.375, 103288.546875, 18.075199127197266, -2.7499279975891113, -8.472982406616211, 55.607566833496094, -6.63246488571167, -37.10920333862305, 0.0, 0.0, 1.0, 37.26213455200195, 32766.0, 0.0, 0.0, -1.1265047788619995, 0.3311620056629181, 1.220664143562317, 0.6962135049901331
51351, 0.7518981695175171, -0.487562894821167, 0.31062012910842896, 0.07695716619491577, -0.1530466079711914, 0.012755912728607655, 131538.5625, 155800.671875, 85116.2890625, 121666.7890625, 142517.828125, 103294.7421875, 17.394695281982422, -2.624890089035034, -8.123494148254395, 53.49852752685547, -6.473705768585205, -36.06760787963867, 0.0, 0.0, 1.0, 37.53822326660156, 32766.0, 0.0, 0.0, -1.1302485466003418, 0.33164167404174805, 1.2215404510498047, 0.6999629170104815
51371, 0.7534657716751099, -0.49130940437316895, 0.3127930462360382, 0.06853535026311874, -0.1487312614917755, 0.02401592954993248, 131537.9375, 155798.78125, 85119.234375, 121664.59375, 142525.421875, 103292.6796875, 16.33829116821289, -2.503185510635376, -8.369513511657715, 50.101009368896484, -6.714831829071045, -34.75929641723633, 0.0, 0.0, 1.0, 37.79405212402344, 32766.0, 0.0, 0.0, -1.1329976320266724, 0.3319280743598938, 1.2221115827560425, 0.7010937527356748
51391, 0.753610372543335, -0.4947996735572815, 0.3132871389389038, 0.056490734219551086, -0.14266934990882874, 0.02618107944726944, 131541.421875, 155804.46875, 85117.1015625, 121662.40625, 142532.25, 103302.2578125, 15.216146469116211, -2.5977582931518555, -8.295621871948242, 45.6866569519043, -6.440904140472412, -33.49066925048828, 0.0, 0.0, 1.0, 38.03115463256836, 32766.0, 0.0, 0.0, -1.136415719985962, 0.33235764503479004, 1.2224595546722412, 0.705519876434717
51412, 0.754640519618988, -0.499345988035202, 0.3149411082267761, 0.046667229384183884, -0.13772207498550415, 0.029576808214187622, 131537.5625, 155798.78125, 85117.3515625, 121650.78125, 142529.96875, 103302.2578125, 14.598663330078125, -2.6709158420562744, -8.118142127990723, 41.486297607421875, -5.611532211303711, -32.06787872314453, 0.0, 0.0, 1.0, 38.2230339050293, 32766.0, 0.0, 0.0, -1.139347791671753, 0.33327409625053406, 1.2225329875946045, 0.7115012360294192
51431, 0.7535303831100464, -0.5015065670013428, 0.3154793083667755, 0.03238823264837265, -0.12703971564769745, 0.025952085852622986, 131533.453125, 155798.78125, 85115.46875, 121651.65625, 142532.25, 103301.6953125, 13.958871841430664, -2.7250192165374756, -8.033042907714844, 37.77585983276367, -4.645948886871338, -30.54109001159668, 0.0, 0.0, 1.0, 38.419437408447266, 440.0, 0.0, 0.0, -1.1415551900863647, 0.33341214060783386, 1.2229219675064087, 0.7152524097816966
51451, 0.755878746509552, -0.5037069320678711, 0.31649839878082275, 0.026907578110694885, -0.11601664125919342, 0.02356523461639881, 131536.3125, 155800.671875, 85106.8828125, 121639.15625, 142528.6875, 103305.078125, 13.012521743774414, -2.8687915802001953, -7.86387825012207, 33.7979621887207, -3.8598148822784424, -29.039480209350586, 0.0, 0.0, 1.0, 38.50831604003906, 440.0, 0.0, 0.0, -1.1436564922332764, 0.33385053277015686, 1.2225714921951294, 0.7154969485754675
51471, 0.7524057030677795, -0.5086715817451477, 0.31692835688591003, 0.009212976321578026, -0.11063426733016968, 0.020666776224970818, 131531.828125, 155800.671875, 85128.6328125, 121637.625, 142530.96875, 103312.03125, 12.103280067443848, -2.8787832260131836, -8.224258422851562, 29.44961166381836, -3.234358310699463, -27.13751220703125, 0.0, 0.0, 1.0, 38.670570373535156, 440.0, 0.0, 0.0, -1.1458919048309326, 0.3344782888889313, 1.2220503091812134, 0.7205524490148589
51491, 0.7539056539535522, -0.5092325806617737, 0.31762880086898804, 0.003864597762003541, -0.09580826759338379, 0.01399333868175745, 131530.21875, 155800.671875, 85103.125, 121635.4296875, 142534.515625, 103311.2734375, 11.20649528503418, -2.7700748443603516, -7.721508502960205, 25.35736656188965, -2.351017951965332, -25.115251541137695, 0.0, 0.0, 1.0, 38.81171417236328, 32766.0, 0.0, 0.0, -1.1478979587554932, 0.33460018038749695, 1.2217063903808594, 0.7208527299049663
51512, 0.7530624270439148, -0.5124270915985107, 0.3178026080131531, -0.005494073964655399, -0.08694497495889664, 0.0040016476996243, 131534.703125, 155798.78125, 85116.5390625, 121650.125, 142535.015625, 103306.390625, 10.069433212280273, -2.6627495288848877, -7.4080352783203125, 22.41042709350586, -1.33998441696167, -23.655658721923828, 0.0, 0.0, 1.0, 38.932586669921875, 32766.0, 0.0, 0.0, -1.1496607065200806, 0.33467167615890503, 1.2211709022521973, 0.7250295854903507
51531, 0.7520812153816223, -0.5128777623176575, 0.31825897097587585, -0.01466125063598156, -0.07245204597711563, -0.005217271391302347, 131540.796875, 155798.78125, 85115.46875, 121641.1328125, 142528.6875, 103313.34375, 9.225799560546875, -2.6633460521698, -7.7327985763549805, 20.09853744506836, -0.7732767462730408, -22.261093139648438, 0.0, 0.0, 1.0, 39.04168701171875, 32766.0, 0.0, 0.0, -1.1508592367172241, 0.3344852328300476, 1.2206393480300903, 0.7248815486517292
51552, 0.7503594756126404, -0.5147298574447632, 0.3180539906024933, -0.024744143709540367, -0.0610995814204216, -0.01500681135803461, 131541.421875, 155798.78125, 85109.828125, 121642.0078125, 142526.921875, 103313.34375, 9.077518463134766, -2.759692430496216, -7.245073318481445, 17.36231231689453, -0.6558344960212708, -20.416858673095703, 0.0, 0.0, 1.0, 39.08834457397461, 32766.0, 0.0, 0.0, -1.1518419981002808, 0.3339875638484955, 1.2195155620574951, 0.7250043854041888
51573, 0.7498235106468201, -0.5164821147918701, 0.31768161058425903, -0.03154217079281807, -0.04969650134444237, -0.02261245809495449, 131531.828125, 155800.671875, 85112.53125, 121647.9296875, 142536.796875, 103311.2734375, 9.328641891479492, -2.8343029022216797, -7.111375331878662, 14.795295715332031, -0.4533449113368988, -18.94866371154785, 0.0, 0.0, 1.0, 39.114437103271484, 32766.0, 0.0, 0.0, -1.1527618169784546, 0.33312663435935974, 1.2188917398452759, 0.7263554887743593
51591, 0.748781681060791, -0.5170858502388, 0.31732073426246643, -0.03851171210408211, -0.03625433146953583, -0.025510136038064957, 131540.796875, 155800.671875, 85110.6484375, 121647.9296875, 142529.96875, 103316.1640625, 9.049299240112305, -2.782958507537842, -7.07952880859375, 13.296235084533691, -0.37644463777542114, -18.048246383666992, 0.0, 0.0, 1.0, 39.1155891418457, 32766.0, 0.0, 0.0, -1.1533746719360352, 0.3321925699710846, 1.217767357826233, 0.7272680965997543
51611, 0.7488990426063538, -0.5192517638206482, 0.31678399443626404, -0.04114367812871933, -0.02672269009053707, -0.028554750606417656, 131540.171875, 155802.5625, 85107.953125, 121647.0546875, 142526.921875, 103312.03125, 8.770041465759277, -2.619903326034546, -6.926161766052246, 12.461201667785645, -0.3387755751609802, -17.00594711303711, 0.0, 0.0, 1.0, 39.08796310424805, 32766.0, 0.0, 0.0, -1.1535835266113281, 0.3321387767791748, 1.2167961597442627, 0.7275860170127445
51631, 0.7472914457321167, -0.517087996006012, 0.3146122694015503, -0.045708950608968735, -0.007795386016368866, -0.03939123824238777, 131536.9375, 155796.875, 85104.1875, 121651.4375, 142525.921875, 103314.84375, 8.996824264526367, -2.3578579425811768, -6.969078063964844, 11.745855331420898, -0.07953732460737228, -15.79581356048584, 0.0, 0.0, 1.0, 39.05839157104492, 32766.0, 0.0, 0.0, -1.1535855531692505, 0.33125007152557373, 1.2152125835418701, 0.7285276148759138
51651, 0.7471165657043457, -0.5180342793464661, 0.31376734375953674, -0.044055305421352386, 0.0038309243973344564, -0.044599197804927826, 131546.90625, 155800.671875, 85108.765625, 121649.2421875, 142528.203125, 103309.9609375, 8.984257698059082, -2.3289072513580322, -7.292283058166504, 11.174236297607422, 0.049194686114788055, -15.052250862121582, 0.0, 0.0, 1.0, 39.032684326171875, 32766.0, 0.0, 0.0, -1.1529514789581299, 0.3296006917953491, 1.2143547534942627, 0.7245565299049828
51671, 0.745716392993927, -0.5176007747650146, 0.3123021721839905, -0.042795125395059586, 0.01878751628100872, -0.04968065395951271, 131546.53125, 155800.671875, 85107.1328125, 121654.5078125, 142532.75, 103327.0546875, 9.35673999786377, -2.3992881774902344, -7.453765392303467, 10.742456436157227, 0.28937044739723206, -13.801990509033203, 0.0, 0.0, 1.0, 39.02012252807617, 32766.0, 0.0, 0.0, -1.1526243686676025, 0.3287971019744873, 1.2137537002563477, 0.7258858441235114
51691, 0.743476927280426, -0.5172993540763855, 0.3112823963165283, -0.041414305567741394, 0.033105336129665375, -0.05284737050533295, 131543.671875, 155802.5625, 85097.484375, 121657.359375, 142526.921875, 103313.34375, 10.231810569763184, -2.2361390590667725, -7.351812362670898, 10.806896209716797, 0.42734813690185547, -12.52648639678955, 0.0, 0.0, 1.0, 38.99923324584961, 32766.0, 0.0, 0.0, -1.1513677835464478, 0.32784271240234375, 1.2126400470733643, 0.7306689134846253
51711, 0.7431786060333252, -0.5156412720680237, 0.3094911575317383, -0.03422791138291359, 0.04968726634979248, -0.05999576300382614, 131540.796875, 155800.671875, 85091.84375, 121652.09375, 142526.421875, 103314.65625, 10.828740119934082, -1.9734153747558594, -7.818464279174805, 10.717674255371094, 0.19083255529403687, -12.119460105895996, 0.0, 0.0, 1.0, 39.00432205200195, 32766.0, 0.0, 0.0, -1.1502472162246704, 0.32686761021614075, 1.2119543552398682, 0.7296029072027481
51731, 0.7420410513877869, -0.5142828226089478, 0.3082226812839508, -0.02675459161400795, 0.06572514772415161, -0.06034727022051811, 131543.671875, 155798.78125, 85097.484375, 121646.390625, 142522.375, 103315.6015625, 11.633986473083496, -1.730039119720459, -8.484820365905762, 10.009775161743164, -0.2781978249549866, -11.656783103942871, 0.0, 0.0, 1.0, 38.988059997558594, 32766.0, 0.0, 0.0, -1.1485000848770142, 0.3260708749294281, 1.2111904621124268, 0.7288901745547764
51752, 0.7392118573188782, -0.5124661922454834, 0.3063797056674957, -0.022117018699645996, 0.08175823092460632, -0.06388977915048599, 131545.28125, 155800.671875, 85097.484375, 121650.78125, 142521.375, 103310.7109375, 12.657819747924805, -1.8247350454330444, -8.935765266418457, 9.298032760620117, -0.9813651442527771, -11.494877815246582, 0.0, 0.0, 1.0, 38.93497085571289, 32766.0, 0.0, 0.0, -1.1461997032165527, 0.32499635219573975, 1.2109285593032837, 0.728707923858519
51772, 0.7394068837165833, -0.5104806423187256, 0.30509307980537415, -0.00977105088531971, 0.09627833217382431, -0.06464965641498566, 131544.28125, 155798.78125, 85084.328125, 121642.6640625, 142522.375, 103305.828125, 12.843920707702637, -2.1126890182495117, -9.513338088989258, 8.446839332580566, -1.6071388721466064, -11.928598403930664, 0.0, 0.0, 1.0, 38.886329650878906, 32766.0, 0.0, 0.0, -1.144415259361267, 0.32440441846847534, 1.2110316753387451, 0.7278903151823263
51791, 0.7374926805496216, -0.5081228017807007, 0.30376848578453064, -0.0017053778283298016, 0.11105526238679886, -0.06850133836269379, 131544.28125, 155798.78125, 85089.96875, 121641.1328125, 142523.65625, 103310.7109375, 12.919271469116211, -2.3577799797058105, -10.442930221557617, 7.1390557289123535, -2.0351383686065674, -12.339309692382812, 0.0, 0.0, 1.0, 38.787757873535156, 32766.0, 0.0, 0.0, -1.1415268182754517, 0.32276302576065063, 1.2115015983581543, 0.7273352718219869
51812, 0.7374768853187561, -0.5060752630233765, 0.3032306134700775, 0.010969349183142185, 0.12328647077083588, -0.0668664500117302, 131550.390625, 155800.671875, 85094.5390625, 121648.5859375, 142521.875, 103307.140625, 13.36594009399414, -2.4571633338928223, -11.563874244689941, 6.305180072784424, -2.4433069229125977, -12.65528678894043, 0.0, 0.0, 1.0, 38.67325973510742, 32766.0, 0.0, 0.0, -1.1386351585388184, 0.32116663455963135, 1.2120726108551025, 0.7223737439750384
51832, 0.7387419939041138, -0.5012264847755432, 0.3018254041671753, 0.026272030547261238, 0.14042066037654877, -0.07111233472824097, 131544.28125, 155798.78125, 85087.0234375, 121648.5859375, 142517.828125, 103299.0703125, 13.671199798583984, -2.3205835819244385, -12.370022773742676, 5.842164039611816, -3.1349172592163086, -13.268059730529785, 0.0, 0.0, 1.0, 38.48965072631836, 32766.0, 0.0, 0.0, -1.1364243030548096, 0.3202004134654999, 1.2130234241485596, 0.720152741583958
51851, 0.7376779913902283, -0.5012198090553284, 0.29997244477272034, 0.036270201206207275, 0.14477379620075226, -0.07268210500478745, 131546.53125, 155794.984375, 85088.8984375, 121653.6328125, 142517.828125, 103302.453125, 14.2869234085083, -2.0822508335113525, -12.592294692993164, 6.043349742889404, -3.748831033706665, -14.377192497253418, 0.0, 0.0, 1.0, 38.25328063964844, 32766.0, 0.0, 0.0, -1.1328215599060059, 0.31873399019241333, 1.2140344381332397, 0.7142639962474397
51872, 0.7395238280296326, -0.4960268437862396, 0.29846930503845215, 0.0522800013422966, 0.15957295894622803, -0.07449330389499664, 131543.671875, 155796.875, 85091.03125, 121659.5546875, 142514.5625, 103300.9453125, 14.671876907348633, -1.9670480489730835, -12.964258193969727, 7.043821811676025, -4.220221042633057, -15.776969909667969, 0.0, 0.0, 1.0, 38.02513122558594, 32766.0, 0.0, 0.0, -1.130101203918457, 0.31773146986961365, 1.2152915000915527, 0.7099020371445313
51891, 0.7413780689239502, -0.49274367094039917, 0.29749026894569397, 0.06782570481300354, 0.16770581901073456, -0.0722934752702713, 131550.390625, 155800.671875, 85080.5625, 121658.671875, 142520.109375, 103301.6953125, 14.921408653259277, -2.0686702728271484, -13.773177146911621, 8.17115306854248, -4.894345760345459, -16.956886291503906, 0.0, 0.0, 1.0, 37.69560241699219, 32766.0, 0.0, 0.0, -1.1263705492019653, 0.31569725275039673, 1.2172499895095825, 0.7008637801629382
51911, 0.7429835200309753, -0.4882734715938568, 0.296042263507843, 0.0823289006948471, 0.1775932013988495, -0.07145743817090988, 131545.90625, 155796.875, 85080.3203125, 121667.4453125, 142517.828125, 103303.0078125, 15.682361602783203, -2.0418624877929688, -14.664743423461914, 9.533992767333984, -5.563684940338135, -17.761550903320312, 0.0, 0.0, 1.0, 37.33115768432617, 32766.0, 0.0, 0.0, -1.1232240200042725, 0.31515294313430786, 1.2187834978103638, 0.6949517721381614
51931, 0.7441379427909851, -0.4854449927806854, 0.2946554720401764, 0.09477052837610245, 0.18188248574733734, -0.06772726029157639, 131538.1875, 155796.875, 85076.5546875, 121665.2578125, 142522.375, 103300.9453125, 16.335222244262695, -2.11435866355896, -15.264632225036621, 10.807827949523926, -5.871428489685059, -18.39128303527832, 0.0, 0.0, 1.0, 36.94614791870117, 32766.0, 0.0, 0.0, -1.1194486618041992, 0.31344372034072876, 1.221327543258667, 0.6847171897890016
51952, 0.746001660823822, -0.4820391833782196, 0.2939661145210266, 0.10791265219449997, 0.18629372119903564, -0.05818643793463707, 131551.015625, 155796.875, 85069.0390625, 121668.984375, 142516.0625, 103290.8046875, 16.098691940307617, -2.3824007511138916, -16.044084548950195, 12.014521598815918, -6.242293834686279, -19.65922737121582, 0.0, 0.0, 1.0, 36.5528564453125, 32766.0, 0.0, 0.0, -1.115241289138794, 0.31224167346954346, 1.2241361141204834, 0.6772958798339678
51971, 0.7506413459777832, -0.4774150252342224, 0.2928258776664734, 0.12641316652297974, 0.19184264540672302, -0.052878931164741516, 131558.734375, 155800.671875, 85083.2578125, 121673.3671875, 142515.0625, 103297.0078125, 15.979040145874023, -2.50300931930542, -17.784080505371094, 13.531254768371582, -6.980799198150635, -21.026350021362305, 0.0, 0.0, 1.0, 36.15988540649414, 32766.0, 0.0, 0.0, -1.112108588218689, 0.3114970326423645, 1.226688265800476, 0.6716784278349047
51991, 0.7542237639427185, -0.4737715423107147, 0.29296696186065674, 0.14123226702213287, 0.1935196965932846, -0.04294851794838905, 131558.359375, 155796.875, 85074.921875, 121671.8359375, 142516.828125, 103288.7421875, 17.030200958251953, -2.3852267265319824, -18.862560272216797, 15.025435447692871, -7.59027624130249, -22.374711990356445, 0.0, 0.0, 1.0, 35.71822738647461, 32766.0, 0.0, 0.0, -1.1081429719924927, 0.3104778528213501, 1.230241060256958, 0.6592474709425606
52011, 0.7583054304122925, -0.4693073332309723, 0.29214605689048767, 0.1565546691417694, 0.19638845324516296, -0.03745882585644722, 131555.5, 155798.78125, 85073.859375, 121688.7265625, 142504.6875, 103289.296875, 18.37480354309082, -2.2701377868652344, -19.399581909179688, 17.203824996948242, -8.713056564331055, -24.023948669433594, 0.0, 0.0, 1.0, 35.222110748291016, 32766.0, 0.0, 0.0, -1.1053426265716553, 0.30952730774879456, 1.2328823804855347, 0.652123934040903
52031, 0.7614004611968994, -0.4662071168422699, 0.2907099723815918, 0.16816890239715576, 0.19453611969947815, -0.03814259171485901, 131569.9375, 155796.875, 85066.34375, 121693.765625, 142513.28125, 103282.5390625, 19.382234573364258, -2.26413893699646, -20.317543029785156, 20.357698440551758, -9.905363082885742, -25.85386848449707, 0.0, 0.0, 1.0, 34.69694137573242, 32766.0, 0.0, 0.0, -1.1014138460159302, 0.30865180492401123, 1.2368659973144531, 0.638513301627522
52051, 0.7644760608673096, -0.46279916167259216, 0.28990352153778076, 0.178097203373909, 0.1924089789390564, -0.04433273896574974, 131559.359375, 155794.984375, 85063.3984375, 121696.6171875, 142511.515625, 103283.1015625, 20.925067901611328, -2.248316764831543, -21.5269775390625, 23.583444595336914, -10.573406219482422, -27.842287063598633, 0.0, 0.0, 1.0, 34.0554313659668, 32766.0, 0.0, 0.0, -1.0974634885787964, 0.3073059618473053, 1.2407728433609009, 0.6215989179562804
52071, 0.7692683935165405, -0.45691701769828796, 0.2895374000072479, 0.19112150371074677, 0.19446393847465515, -0.04808803275227547, 131570.5625, 155798.78125, 85066.34375, 121720.09375, 142513.78125, 103275.03125, 22.506498336791992, -2.437901496887207, -23.100282669067383, 27.9472713470459, -11.13178539276123, -29.895832061767578, 0.0, 0.0, 1.0, 33.297096252441406, 32766.0, 0.0, 0.0, -1.0947209596633911, 0.3064556121826172, 1.2440564632415771, 0.6115990290539072
52091, 0.7730048894882202, -0.4532022476196289, 0.2885510325431824, 0.19992347061634064, 0.18646661937236786, -0.04946989566087723, 131568.328125, 155794.984375, 85067.15625, 121724.4765625, 142509.234375, 103278.96875, 23.938602447509766, -2.487978935241699, -24.404903411865234, 33.824649810791016, -11.421517372131348, -32.03734588623047, 0.0, 0.0, 1.0, 32.45822525024414, 32766.0, 0.0, 0.0, -1.0916045904159546, 0.30516186356544495, 1.2484277486801147, 0.5910866598497159
52111, 0.7755037546157837, -0.45024383068084717, 0.28620007634162903, 0.20336061716079712, 0.17316165566444397, -0.0530245415866375, 131567.328125, 155796.875, 85057.7578125, 121735.4453125, 142513.28125, 103273.5234375, 25.706783294677734, -2.5217416286468506, -25.25826072692871, 40.051002502441406, -11.544053077697754, -34.72142028808594, 0.0, 0.0, 1.0, 31.545326232910156, 32766.0, 0.0, 0.0, -1.0892832279205322, 0.3039669990539551, 1.2519080638885498, 0.5751246883504508
52132, 0.7780715823173523, -0.4482831358909607, 0.2851298451423645, 0.20323441922664642, 0.15299122035503387, -0.05153553560376167, 131562.21875, 155794.984375, 85054.8203125, 121750.8046875, 142501.921875, 103268.078125, 27.08367156982422, -2.648500442504883, -26.40713119506836, 46.94049835205078, -12.358741760253906, -37.57779312133789, 0.0, 0.0, 1.0, 30.56787109375, 32766.0, 0.0, 0.0, -1.087010383605957, 0.30301329493522644, 1.2566555738449097, 0.5558095700321126
52152, 0.7819691896438599, -0.44604676961898804, 0.2841247320175171, 0.20374996960163116, 0.13238346576690674, -0.0492016077041626, 131562.84375, 155794.984375, 85046.484375, 121754.53125, 142505.1875, 103266.015625, 27.951128005981445, -2.750176191329956, -28.028797149658203, 53.8814582824707, -13.815987586975098, -40.04521942138672, 0.0, 0.0, 1.0, 29.41850471496582, 174.0, 0.0, 0.0, -1.0856266021728516, 0.30114245414733887, 1.2612483501434326, 0.5335113125102199
52171, 0.7845639586448669, -0.44372081756591797, 0.2831156253814697, 0.19815419614315033, 0.1109810471534729, -0.048480961471796036, 131570.1875, 155794.984375, 85052.125, 121746.4140625, 142504.6875, 103261.125, 28.457597732543945, -2.9361369609832764, -30.008371353149414, 59.378665924072266, -14.973458290100098, -42.70540237426758, 0.0, 0.0, 1.0, 28.273378372192383, 174.0, 0.0, 0.0, -1.084660291671753, 0.30044183135032654, 1.2645426988601685, 0.5201364236572499
52191, 0.7899895906448364, -0.4416969120502472, 0.2820677161216736, 0.19825275242328644, 0.08997732400894165, -0.05669311061501503, 131580.15625, 155794.984375, 85055.8828125, 121704.734375, 142502.921875, 103275.5859375, 29.345661163330078, -3.090123176574707, -31.82027816772461, 61.40084457397461, -15.991861343383789, -44.48609924316406, 0.0, 0.0, 1.0, 27.34017562866211, 174.0, 0.0, 0.0, -1.0843257904052734, 0.2990812063217163, 1.268904447555542, 0.5096909051853795
52212, 0.7952494025230408, -0.44166338443756104, 0.28036847710609436, 0.1960867941379547, 0.06416846811771393, -0.06855560094118118, 131589.125, 155796.875, 85046.484375, 121659.328125, 142514.28125, 103298.3203125, 31.09852409362793, -3.2156262397766113, -32.80009460449219, 58.23606872558594, -16.345117568969727, -43.9700927734375, 0.0, 0.0, 1.0, 26.92817497253418, 171.0, 0.0, 0.0, -1.0847105979919434, 0.29700523614883423, 1.2737188339233398, 0.5115290544593311
52232, 0.8023603558540344, -0.4419754147529602, 0.2789139449596405, 0.19748555123806, 0.03819209337234497, -0.07195980101823807, 131600.328125, 155796.875, 85037.0859375, 121662.40625, 142514.28125, 103303.953125, 33.617347717285156, -3.209150552749634, -34.10136032104492, 52.99564743041992, -16.00753402709961, -41.91463088989258, 0.0, 0.0, 1.0, 26.834171295166016, 171.0, 0.0, 0.0, -1.085233211517334, 0.29615315794944763, 1.2761250734329224, 0.5160761532632766
52252, 0.8028372526168823, -0.4432090222835541, 0.2778380513191223, 0.17658910155296326, 0.0030479796696454287, -0.02303212322294712, 131610.90625, 155793.078125, 85035.203125, 121633.671875, 142515.5625, 103309.3984375, 36.757469177246094, -3.406310796737671, -36.050743103027344, 46.85773468017578, -15.626477241516113, -39.46982192993164, 0.0, 0.0, 1.0, 27.037126541137695, 171.0, 0.0, 0.0, -1.0879098176956177, 0.2940616011619568, 1.2768275737762451, 0.5324368869311681
52272, 0.8040125370025635, -0.4451436698436737, 0.27725645899772644, 0.15892931818962097, -0.026095639914274216, -0.03344198316335678, 131600.953125, 155796.875, 85037.0859375, 121615.46875, 142500.140625, 103316.9140625, 41.1346321105957, -3.676497459411621, -38.421260833740234, 38.728057861328125, -16.076793670654297, -36.57522964477539, 0.0, 0.0, 1.0, 28.058473587036133, 148.0, 0.0, 0.0, -1.090196967124939, 0.2940162420272827, 1.2765063047409058, 0.542657396757337
52291, 0.805069625377655, -0.4480844736099243, 0.27785927057266235, 0.1416480541229248, -0.0571000762283802, -0.027526844292879105, 131594.21875, 155794.984375, 85038.1484375, 121624.2421875, 142500.640625, 103314.2890625, 45.5037841796875, -3.6905481815338135, -41.69364547729492, 30.951982498168945, -17.30843734741211, -33.73883056640625, 0.0, 0.0, 1.0, 29.08106231689453, 148.0, 0.0, 0.0, -1.0935876369476318, 0.2926799952983856, 1.2765998840332031, 0.5632211907275456
52312, 0.8057485222816467, -0.4513247311115265, 0.27724766731262207, 0.12504296004772186, -0.08587738126516342, -0.03219659999012947, 131590.734375, 155796.875, 85037.0859375, 121620.734375, 142516.0625, 103317.109375, 48.092411041259766, -3.7989461421966553, -44.81037139892578, 24.324560165405273, -17.493051528930664, -31.2209529876709, 0.0, 0.0, 1.0, 30.118343353271484, 148.0, 0.0, 0.0, -1.0962735414505005, 0.29194605350494385, 1.2760132551193237, 0.578552533628222
52332, 0.8047459721565247, -0.45399796962738037, 0.2753915786743164, 0.10593609511852264, -0.11111164093017578, -0.041715431958436966, 131579.15625, 155794.984375, 85022.8671875, 121634.546875, 142503.421875, 103311.46875, 48.881752014160156, -3.8834738731384277, -46.846519470214844, 19.005340576171875, -17.7451229095459, -28.967283248901367, 0.0, 0.0, 1.0, 31.208829879760742, 164.0, 0.0, 0.0, -1.1006097793579102, 0.2908853590488434, 1.275327205657959, 0.5978825071022921
52352, 0.8036265969276428, -0.4562664330005646, 0.27446070313453674, 0.08794758468866348, -0.13196273148059845, -0.04771524295210838, 131584.015625, 155796.875, 85028.75, 121649.8984375, 142509.234375, 103311.46875, 48.86802673339844, -3.8392646312713623, -47.80216979980469, 16.866737365722656, -18.499174118041992, -28.040525436401367, 0.0, 0.0, 1.0, 32.2411994934082, 164.0, 0.0, 0.0, -1.105482578277588, 0.28947851061820984, 1.2745072841644287, 0.6166040675287169
52371, 0.8037434816360474, -0.4590081572532654, 0.2734752893447876, 0.07447172701358795, -0.14994367957115173, -0.0503101646900177, 131570.1875, 155794.984375, 85035.203125, 121663.71875, 142515.0625, 103299.0703125, 49.13924789428711, -3.7883667945861816, -48.26854705810547, 17.46527862548828, -18.928817749023438, -28.269689559936523, 0.0, 0.0, 1.0, 33.2252311706543, 32766.0, 0.0, 0.0, -1.1092342138290405, 0.2885594069957733, 1.2736351490020752, 0.6252652093285277
52391, 0.8035614490509033, -0.46893811225891113, 0.2731391489505768, 0.06002427637577057, -0.1829674392938614, -0.04084577411413193, 131563.46875, 155796.875, 85032.265625, 121691.578125, 142507.46875, 103302.453125, 49.15731430053711, -3.7315726280212402, -48.72429656982422, 18.673200607299805, -19.554054260253906, -28.793792724609375, 0.0, 0.0, 1.0, 34.13239669799805, 32766.0, 0.0, 0.0, -1.11441969871521, 0.2874987721443176, 1.2723637819290161, 0.6409743134703373
52411, 0.803014874458313, -0.4735686779022217, 0.2724057734012604, 0.04426559433341026, -0.19755342602729797, -0.03003283217549324, 131571.1875, 155794.984375, 85037.8984375, 121671.8359375, 142500.640625, 103299.8203125, 47.95334243774414, -3.668708324432373, -49.396724700927734, 20.099706649780273, -20.253671646118164, -29.22981834411621, 0.0, 0.0, 1.0, 34.99422836303711, 32766.0, 0.0, 0.0, -1.118571162223816, 0.28663864731788635, 1.2716153860092163, 0.6533722119448074
52431, 0.801791787147522, -0.4789417088031769, 0.2709807753562927, 0.02752572111785412, -0.21074824035167694, -0.02132367342710495, 131561.84375, 155794.984375, 85028.5078125, 121672.4921875, 142505.1875, 103303.953125, 45.54005813598633, -3.8146157264709473, -50.15471649169922, 20.977184295654297, -20.67776870727539, -29.004961013793945, 0.0, 0.0, 1.0, 35.8237190246582, 414.0, 0.0, 0.0, -1.1242432594299316, 0.28609198331832886, 1.2700542211532593, 0.6698422523541693
52451, 0.8005620837211609, -0.48406365513801575, 0.2706754207611084, 0.0132743576541543, -0.21970529854297638, -0.006458125542849302, 131551.640625, 155793.078125, 85024.75, 121646.828125, 142502.921875, 103306.7734375, 43.28391647338867, -3.932410478591919, -50.609622955322266, 19.548725128173828, -20.884414672851562, -28.278953552246094, 0.0, 0.0, 1.0, 36.64950942993164, 414.0, 0.0, 0.0, -1.1282498836517334, 0.2859751284122467, 1.2687952518463135, 0.6807164192491978
52471, 0.7997186779975891, -0.48877203464508057, 0.2711646556854248, 0.003794158576056361, -0.22463352978229523, 0.002673820359632373, 131551.015625, 155796.875, 85031.4453125, 121620.515625, 142504.6875, 103307.53125, 41.098384857177734, -3.9185609817504883, -51.17328643798828, 15.333565711975098, -21.083017349243164, -27.446762084960938, 0.0, 0.0, 1.0, 37.47550964355469, 414.0, 0.0, 0.0, -1.1338056325912476, 0.28600168228149414, 1.2669525146484375, 0.6990924708086071
52491, 0.7981887459754944, -0.49230703711509705, 0.27130627632141113, -0.0051557994447648525, -0.22382040321826935, 0.009220804087817669, 131556.109375, 155793.078125, 85028.5078125, 121617.0078125, 142509.234375, 103319.734375, 38.52777099609375, -3.7879250049591064, -51.39598846435547, 15.333565711975098, -21.083017349243164, -27.446762084960938, 0.0, 0.0, 1.0, 38.37510681152344, 32766.0, 0.0, 0.0, -1.1392594575881958, 0.2862662672996521, 1.26522958278656, 0.7168654974153469
52511, 0.7969129681587219, -0.4975385069847107, 0.2706080377101898, -0.011358266696333885, -0.22314685583114624, 0.013043372891843319, 131550.015625, 155791.1875, 85024.75, 121618.5390625, 142507.96875, 103324.6171875, 36.48091506958008, -3.660385847091675, -51.26976013183594, 4.954646110534668, -20.519437789916992, -23.752994537353516, 0.0, 0.0, 1.0, 39.26228332519531, 32766.0, 0.0, 0.0, -1.143272876739502, 0.2865193784236908, 1.2638700008392334, 0.7318474811847971
52531, 0.7964255809783936, -0.505007266998291, 0.2709539830684662, -0.013372794725000858, -0.22283649444580078, 0.02266683615744114, 131556.109375, 155796.875, 85027.6875, 121622.703125, 142511.515625, 103313.7265625, 34.591880798339844, -3.856414318084717, -51.42306900024414, 0.8839789032936096, -20.04999542236328, -22.122493743896484, 0.0, 0.0, 1.0, 40.075523376464844, 32766.0, 0.0, 0.0, -1.1485539674758911, 0.2868577241897583, 1.2622288465499878, 0.7449258584608759
52551, 0.7941185832023621, -0.5114962458610535, 0.27148258686065674, -0.019678393378853798, -0.2196168750524521, 0.03390398249030113, 131544.28125, 155794.984375, 85029.3203125, 121637.3984375, 142513.78125, 103310.15625, 32.900665283203125, -3.8045363426208496, -51.492977142333984, -1.66738760471344, -19.292530059814453, -21.50965690612793, 0.0, 0.0, 1.0, 40.840946197509766, 32766.0, 0.0, 0.0, -1.1531964540481567, 0.2877327799797058, 1.260581135749817, 0.7590185089695625
52572, 0.7935670614242554, -0.5158885717391968, 0.27292537689208984, -0.019604988396167755, -0.2087203711271286, 0.046924881637096405, 131543.90625, 155793.078125, 85026.625, 121648.3671875, 142499.375, 103303.953125, 31.062850952148438, -3.532749891281128, -51.184852600097656, -2.4847352504730225, -19.29336929321289, -21.53583335876465, 0.0, 0.0, 1.0, 41.531009674072266, 32766.0, 0.0, 0.0, -1.1565181016921997, 0.2883712947368622, 1.2594642639160156, 0.7697864568989702
52592, 0.7939074039459229, -0.5198204517364502, 0.2739795446395874, -0.016328420490026474, -0.19617894291877747, 0.05638342350721359, 131544.90625, 155791.1875, 85020.984375, 121660.8671875, 142510.234375, 103302.640625, 28.731565475463867, -3.4942805767059326, -50.859642028808594, -2.2577664852142334, -19.894739151000977, -22.393709182739258, 0.0, 0.0, 1.0, 42.1640739440918, 32766.0, 0.0, 0.0, -1.160499095916748, 0.289556086063385, 1.2580747604370117, 0.7810768625081024
52612, 0.7916585803031921, -0.5239502787590027, 0.274087518453598, -0.020835163071751595, -0.1854429990053177, 0.06001748517155647, 131536.5625, 155789.296875, 85019.109375, 121661.5234375, 142512.015625, 103300.578125, 26.68759536743164, -3.6628429889678955, -50.9296760559082, -0.6096861958503723, -19.731464385986328, -22.823131561279297, 0.0, 0.0, 1.0, 42.786739349365234, 32766.0, 0.0, 0.0, -1.1634135246276855, 0.2903645634651184, 1.257042646408081, 0.7876690646354603
52632, 0.7911149263381958, -0.5259401798248291, 0.27538001537323, -0.020126674324274063, -0.16799670457839966, 0.06887266039848328, 131538.1875, 155793.078125, 85028.5078125, 121666.5703125, 142506.1875, 103303.203125, 24.45069122314453, -4.01408052444458, -51.30363082885742, 1.258726716041565, -19.318124771118164, -22.829809188842773, 0.0, 0.0, 1.0, 43.38481521606445, 32766.0, 0.0, 0.0, -1.1671109199523926, 0.29187288880348206, 1.2560033798217773, 0.8022011682554475
52651, 0.7906038165092468, -0.528764009475708, 0.2772146761417389, -0.018981685861945152, -0.15304988622665405, 0.07873746007680893, 131534.328125, 155794.984375, 85025.5625, 121666.5703125, 142509.734375, 103311.46875, 22.079524993896484, -4.207284927368164, -51.098876953125, 2.0837056636810303, -18.654157638549805, -22.694467544555664, 0.0, 0.0, 1.0, 44.00896072387695, 32766.0, 0.0, 0.0, -1.1699554920196533, 0.29323649406433105, 1.2547143697738647, 0.8129797451304797
52672, 0.7911822199821472, -0.5324388146400452, 0.27887633442878723, -0.014416322112083435, -0.14052808284759521, 0.0880754292011261, 131532.703125, 155794.984375, 85027.6875, 121654.2890625, 142518.828125, 103309.59375, 19.843891143798828, -4.046024799346924, -50.44118881225586, 2.4039292335510254, -17.41323471069336, -21.702342987060547, 0.0, 0.0, 1.0, 44.654510498046875, 32766.0, 0.0, 0.0, -1.1720499992370605, 0.29473137855529785, 1.2539710998535156, 0.8226927237195056
52692, 0.790293276309967, -0.5339564681053162, 0.2792113721370697, -0.014105741865932941, -0.12271107733249664, 0.0883258730173111, 131538.1875, 155793.078125, 85027.6875, 121638.0546875, 142512.515625, 103322.5546875, 17.856168746948242, -3.891122817993164, -49.686561584472656, 1.4844059944152832, -16.530132293701172, -20.30060577392578, 0.0, 0.0, 1.0, 45.280616760253906, 32766.0, 0.0, 0.0, -1.17433762550354, 0.296980082988739, 1.2532209157943726, 0.8368860649440858
52711, 0.7890365123748779, -0.5360919237136841, 0.2810431122779846, -0.012980843894183636, -0.10625453293323517, 0.09407664090394974, 131527.59375, 155793.078125, 85025.5625, 121641.7890625, 142512.015625, 103322.5546875, 15.83699893951416, -3.7419774532318115, -48.95222854614258, -0.03961147740483284, -16.12110710144043, -18.843564987182617, 0.0, 0.0, 1.0, 45.90272903442383, 32766.0, 0.0, 0.0, -1.1759257316589355, 0.29834678769111633, 1.2527482509613037, 0.846155992478706
52732, 0.7885268926620483, -0.5387784838676453, 0.282938688993454, -0.008049187250435352, -0.09126100689172745, 0.09517929702997208, 131536.5625, 155789.296875, 85015.1015625, 121625.5546875, 142520.609375, 103319.171875, 13.952680587768555, -3.7046656608581543, -48.89992904663086, -2.0988101959228516, -15.292415618896484, -17.76236343383789, 0.0, 0.0, 1.0, 46.49702453613281, 32766.0, 0.0, 0.0, -1.1773713827133179, 0.3010771572589874, 1.252081274986267, 0.8586242306218363
52752, 0.7885595560073853, -0.5399345755577087, 0.2835489511489868, -0.00025301173445768654, -0.07177629321813583, 0.09058229625225067, 131523.734375, 155793.078125, 85018.859375, 121631.4765625, 142514.28125, 103315.0390625, 12.372681617736816, -3.874098062515259, -48.7430419921875, -4.508379936218262, -14.419780731201172, -17.248912811279297, 0.0, 0.0, 1.0, 47.0356330871582, 32766.0, 0.0, 0.0, -1.1783382892608643, 0.3032391667366028, 1.2518949508666992, 0.8677912077296372
52771, 0.7890250086784363, -0.53990638256073, 0.28445175290107727, 0.0054271831177175045, -0.06038714945316315, 0.090622179210186, 131529.21875, 155791.1875, 85024.75, 121646.828125, 142518.828125, 103312.9765625, 10.593345642089844, -4.012721061706543, -48.22209167480469, -5.445396900177002, -13.737897872924805, -17.164669036865234, 0.0, 0.0, 1.0, 47.503414154052734, 32766.0, 0.0, 0.0, -1.17867910861969, 0.3052797317504883, 1.2519176006317139, 0.8760338296334647
52791, 0.7888522744178772, -0.5413684248924255, 0.2865241765975952, 0.01435135304927826, -0.04209881275892258, 0.09158599376678467, 131534.953125, 155791.1875, 85025.5625, 121657.796875, 142516.5625, 103305.265625, 8.798845291137695, -3.909795045852661, -47.49835968017578, -4.790640354156494, -12.996674537658691, -17.663063049316406, 0.0, 0.0, 1.0, 47.88984298706055, 32766.0, 0.0, 0.0, -1.1789650917053223, 0.3073033094406128, 1.2521271705627441, 0.8831243240801777
52811, 0.7890751361846924, -0.5412858724594116, 0.28830644488334656, 0.024594390764832497, -0.020672425627708435, 0.08733267337083817, 131531.09375, 155793.078125, 85025.5625, 121668.1015625, 142518.828125, 103310.15625, 7.336742877960205, -3.592639446258545, -46.594818115234375, -3.0087223052978516, -12.331117630004883, -18.28591537475586, 0.0, 0.0, 1.0, 48.20787048339844, 32766.0, 0.0, 0.0, -1.1786620616912842, 0.3089192807674408, 1.252575397491455, 0.8879225564319053
52831, 0.7890840172767639, -0.5413035154342651, 0.29080599546432495, 0.03414015471935272, -0.0007111502345651388, 0.08707363903522491, 131535.9375, 155793.078125, 85020.7421875, 121665.6875, 142517.046875, 103305.4609375, 6.712523937225342, -3.5138731002807617, -46.47256851196289, -0.9699939489364624, -11.662699699401855, -18.816951751708984, 0.0, 0.0, 1.0, 48.482666015625, 32766.0, 0.0, 0.0, -1.1781837940216064, 0.3103766143321991, 1.253746747970581, 0.8925906997802039
52852, 0.7889388799667358, -0.5402345061302185, 0.2925044596195221, 0.04267481714487076, 0.020998187363147736, 0.08279596269130707, 131531.09375, 155794.984375, 85027.4453125, 121665.03125, 142514.78125, 103318.421875, 6.416271209716797, -3.6466686725616455, -46.28759002685547, 0.6267363429069519, -11.007220268249512, -18.959503173828125, 0.0, 0.0, 1.0, 48.71185302734375, 32766.0, 0.0, 0.0, -1.1774218082427979, 0.31230953335762024, 1.2545969486236572, 0.8923044551360764
52871, 0.7895106077194214, -0.5405346751213074, 0.2944749891757965, 0.05265834555029869, 0.03642125427722931, 0.0823318362236023, 131536.5625, 155793.078125, 85030.3828125, 121659.328125, 142517.546875, 103317.6640625, 5.960968017578125, -3.646341323852539, -45.605220794677734, 1.7561136484146118, -10.719679832458496, -18.407474517822266, 0.0, 0.0, 1.0, 48.92057800292969, 32766.0, 0.0, 0.0, -1.1760053634643555, 0.3141784071922302, 1.256209135055542, 0.8994075029280851
52892, 0.7919945120811462, -0.5382651686668396, 0.296063631772995, 0.06708721071481705, 0.05670476704835892, 0.07833699882030487, 131532.078125, 155791.1875, 85019.921875, 121647.484375, 142522.875, 103324.6171875, 6.033657073974609, -3.527905225753784, -45.012054443359375, 1.8021209239959717, -10.030996322631836, -17.54668426513672, 0.0, 0.0, 1.0, 49.17877960205078, 32766.0, 0.0, 0.0, -1.1740866899490356, 0.31603217124938965, 1.2582651376724243, 0.9048196359296684
52912, 0.7930557131767273, -0.5376325249671936, 0.2975827753543854, 0.07652607560157776, 0.07086365669965744, 0.0727175921201706, 131535.9375, 155794.984375, 85029.5703125, 121638.7109375, 142524.375, 103324.6171875, 5.8865861892700195, -3.517998695373535, -44.42445755004883, 0.7133299112319946, -8.645933151245117, -16.33858299255371, 0.0, 0.0, 1.0, 49.42125701904297, 32766.0, 0.0, 0.0, -1.172570824623108, 0.3174019455909729, 1.2597956657409668, 0.9059878586946462
52932, 0.7946645021438599, -0.533011257648468, 0.2996731102466583, 0.08733317255973816, 0.09616002440452576, 0.0710906982421875, 131536.5625, 155793.078125, 85025.5625, 121650.5625, 142515.28125, 103324.6171875, 5.256525993347168, -3.3902783393859863, -43.358070373535156, -0.08182016015052795, -8.097901344299316, -15.215336799621582, 0.0, 0.0, 1.0, 49.63409423828125, 32766.0, 0.0, 0.0, -1.1702908277511597, 0.3187909424304962, 1.262176275253296, 0.908436809118968
52952, 0.7963747978210449, -0.5303348302841187, 0.3010961413383484, 0.0974239781498909, 0.11355804651975632, 0.0649324357509613, 131537.1875, 155793.078125, 85018.859375, 121648.3671875, 142517.046875, 103322.5546875, 4.957058429718018, -3.1590077877044678, -41.98795700073242, -0.36870139837265015, -8.121088981628418, -14.47528076171875, 0.0, 0.0, 1.0, 49.832489013671875, 32766.0, 0.0, 0.0, -1.1680725812911987, 0.32002097368240356, 1.2645574808120728, 0.9098624586746671
52972, 0.7984267473220825, -0.5285366177558899, 0.3036569356918335, 0.10689803212881088, 0.12555699050426483, 0.06423815339803696, 131530.46875, 155789.296875, 85018.859375, 121652.75, 142527.421875, 103319.734375, 4.768730640411377, -3.0501492023468018, -41.271484375, -0.5017993450164795, -7.453621864318848, -14.11804485321045, 0.0, 0.0, 1.0, 49.96806335449219, 32766.0, 0.0, 0.0, -1.1650745868682861, 0.32100510597229004, 1.2676723003387451, 0.9093314604868756
52992, 0.8005602359771729, -0.5263211727142334, 0.30488860607147217, 0.1154669001698494, 0.13704058527946472, 0.05760561302304268, 131537.8125, 155791.1875, 85025.5625, 121654.9453125, 142521.09375, 103318.421875, 4.2650251388549805, -3.1557109355926514, -40.90901184082031, -0.25076594948768616, -6.630309104919434, -14.058425903320312, 0.0, 0.0, 1.0, 50.076454162597656, 32766.0, 0.0, 0.0, -1.161801815032959, 0.3227190375328064, 1.2707200050354004, 0.912380928524421
53012, 0.803819477558136, -0.5227903723716736, 0.30516475439071655, 0.12611469626426697, 0.14983627200126648, 0.047129854559898376, 131534.953125, 155793.078125, 85026.3828125, 121669.421875, 142521.59375, 103314.2890625, 3.860765218734741, -3.3448171615600586, -40.104896545410156, 0.9096468687057495, -6.225323677062988, -14.336917877197266, 0.0, 0.0, 1.0, 50.09131622314453, 32766.0, 0.0, 0.0, -1.1582591533660889, 0.3232764005661011, 1.2744544744491577, 0.9117083782126947
53032, 0.80580073595047, -0.5196860432624817, 0.3060733377933502, 0.13188040256500244, 0.15996630489826202, 0.04378968104720116, 131545.53125, 155791.1875, 85018.859375, 121673.8046875, 142517.546875, 103312.9765625, 3.76267147064209, -3.288060188293457, -38.863285064697266, 2.999807596206665, -6.064026355743408, -14.915179252624512, 0.0, 0.0, 1.0, 50.0428352355957, 32766.0, 0.0, 0.0, -1.155412197113037, 0.32432207465171814, 1.2771064043045044, 0.9089414590311984
53052, 0.8098434209823608, -0.5144338011741638, 0.305746465921402, 0.1417338103055954, 0.17365339398384094, 0.033471740782260895, 131535.5625, 155791.1875, 85027.4453125, 121668.765625, 142530.1875, 103315.796875, 4.118677616119385, -3.226440668106079, -38.037139892578125, 4.8127875328063965, -5.4344282150268555, -15.366873741149902, 0.0, 0.0, 1.0, 49.999473571777344, 32766.0, 0.0, 0.0, -1.1516598463058472, 0.32507047057151794, 1.2809243202209473, 0.9060594554581002
53072, 0.8128214478492737, -0.5098181366920471, 0.30637994408607483, 0.14700287580490112, 0.18407055735588074, 0.03076484426856041, 131537.1875, 155791.1875, 85019.921875, 121665.9140625, 142519.328125, 103323.8671875, 4.476396560668945, -3.267167806625366, -37.14231491088867, 5.970540523529053, -4.773099899291992, -15.176831245422363, 0.0, 0.0, 1.0, 49.91420364379883, 32766.0, 0.0, 0.0, -1.1486713886260986, 0.32595065236091614, 1.2842451333999634, 0.907390065743492
53091, 0.8151119351387024, -0.5063779354095459, 0.30696964263916016, 0.14886999130249023, 0.18961696326732635, 0.028470249846577644, 131543.90625, 155785.5, 85018.046875, 121663.5, 142526.640625, 103319.171875, 4.330491065979004, -3.292053461074829, -36.1867790222168, 6.743470191955566, -4.441844463348389, -14.418009757995605, 0.0, 0.0, 1.0, 49.86701965332031, 32766.0, 0.0, 0.0, -1.1448715925216675, 0.3262859284877777, 1.2885727882385254, 0.9043246276082351
53113, 0.8178349733352661, -0.5023260712623596, 0.3078242838382721, 0.15070821344852448, 0.19562801718711853, 0.02603495866060257, 131550.640625, 155791.1875, 85016.984375, 121666.5703125, 142531.96875, 103321.2421875, 4.678899765014648, -3.6235907077789307, -35.76799774169922, 7.000821590423584, -3.791309356689453, -13.450737953186035, 0.0, 0.0, 1.0, 49.816532135009766, 32766.0, 0.0, 0.0, -1.1417813301086426, 0.3272160291671753, 1.29159677028656, 0.9054350081367026
53131, 0.8217253684997559, -0.4997476041316986, 0.3083254098892212, 0.1544681042432785, 0.19511565566062927, 0.023181555792689323, 131557.359375, 155793.078125, 85009.46875, 121650.3359375, 142521.59375, 103328.0, 5.753735542297363, -3.905341148376465, -35.46184158325195, 6.763984680175781, -2.8289122581481934, -12.575035095214844, 0.0, 0.0, 1.0, 49.78464126586914, 32766.0, 0.0, 0.0, -1.1379042863845825, 0.32803282141685486, 1.2959585189819336, 0.9026433465373891
53151, 0.8237267732620239, -0.4958914518356323, 0.30854594707489014, 0.15298156440258026, 0.19882729649543762, 0.019450798630714417, 131554.5, 155794.984375, 85016.984375, 121649.6796875, 142523.375, 103321.9921875, 7.472268581390381, -3.7153701782226562, -35.57392501831055, 6.014859199523926, -1.8469475507736206, -11.707213401794434, 0.0, 0.0, 1.0, 49.72187423706055, 140.0, 0.0, 0.0, -1.1337834596633911, 0.32829880714416504, 1.3005906343460083, 0.905045466791077
53171, 0.8272750973701477, -0.49262887239456177, 0.3089357614517212, 0.15483923256397247, 0.19864137470722198, 0.01912388950586319, 131561.84375, 155791.1875, 85012.1640625, 121654.9453125, 142524.375, 103323.3046875, 9.219615936279297, -3.321131467819214, -35.572818756103516, 5.182729721069336, -1.0765626430511475, -10.93161678314209, 0.0, 0.0, 1.0, 49.686866760253906, 140.0, 0.0, 0.0, -1.1306090354919434, 0.3292383849620819, 1.3040300607681274, 0.9045345223048628
53191, 0.8318767547607422, -0.4883761405944824, 0.30958643555641174, 0.15915921330451965, 0.19980815052986145, 0.020727917551994324, 131557.984375, 155791.1875, 85006.5234375, 121656.2578125, 142521.59375, 103331.5703125, 11.026469230651855, -3.0666823387145996, -35.31930160522461, 4.84633731842041, -0.7517547607421875, -10.270143508911133, 0.0, 0.0, 1.0, 49.69377136230469, 126.0, 0.0, 0.0, -1.1264379024505615, 0.32934388518333435, 1.3087905645370483, 0.9027618722145738
53211, 0.8359161019325256, -0.48410919308662415, 0.31000617146492004, 0.1616804301738739, 0.2002042531967163, 0.021926088258624077, 131567.953125, 155789.296875, 85008.8984375, 121655.6015625, 142528.421875, 103320.484375, 13.642525672912598, -3.043942451477051, -35.46409606933594, 4.665422439575195, -0.5934234857559204, -10.134232521057129, 0.0, 0.0, 1.0, 49.71676254272461, 126.0, 0.0, 0.0, -1.123552680015564, 0.33033567667007446, 1.3120918273925781, 0.9052854879116392
53231, 0.8401211500167847, -0.480480819940567, 0.31021782755851746, 0.16404126584529877, 0.19762831926345825, 0.006624551955610514, 131590.984375, 155791.1875, 84995.25, 121662.1796875, 142520.328125, 103323.3046875, 16.180688858032227, -3.119300127029419, -35.91634750366211, 4.833171367645264, -0.5256389379501343, -10.507004737854004, 0.0, 0.0, 1.0, 50.7375602722168, 126.0, 0.0, 0.0, -1.1220297813415527, 0.330856591463089, 1.3152111768722534, 0.9345608551993754
53251, 0.8412022590637207, -0.4782053828239441, 0.31040897965431213, 0.1594817042350769, 0.1965821534395218, 0.010605191811919212, 131631.328125, 155789.296875, 84805.859375, 121668.765625, 142527.921875, 103318.421875, 19.188854217529297, -3.1750214099884033, -37.124778747558594, 5.718531131744385, -0.4959462285041809, -10.981008529663086, 0.0, 0.0, 1.0, 52.230934143066406, 110.0, 0.0, 0.0, -1.1221224069595337, 0.33197954297065735, 1.3168891668319702, 0.9571751277025116
53271, 0.8447182178497314, -0.47869670391082764, 0.31051623821258545, 0.1613977700471878, 0.18787378072738647, -0.003186074085533619, 131606.671875, 155791.1875, 84972.953125, 121668.765625, 142518.046875, 103314.2890625, 24.29117202758789, -3.1066641807556152, -39.88255310058594, 6.868517875671387, -0.6005182862281799, -11.936568260192871, 0.0, 0.0, 1.0, 53.02214813232422, 110.0, 0.0, 0.0, -1.123039722442627, 0.33158817887306213, 1.3174059391021729, 0.9671824860674766
53291, 0.8449590802192688, -0.47952958941459656, 0.311441034078598, 0.1556900441646576, 0.18164773285388947, -0.01722562499344349, 131605.0625, 155791.1875, 84976.46875, 121662.8359375, 142527.421875, 103323.3046875, 29.512741088867188, -3.0348880290985107, -44.859622955322266, 7.547097682952881, -0.723687469959259, -12.534910202026367, 0.0, 0.0, 1.0, 53.5742301940918, 110.0, 0.0, 0.0, -1.1238653659820557, 0.3311516046524048, 1.318272590637207, 0.9741262294606767
53311, 0.8470165133476257, -0.48044928908348083, 0.3110141456127167, 0.15387725830078125, 0.17513491213321686, -0.03501281142234802, 131590.984375, 155791.1875, 84985.2890625, 121650.3359375, 142521.09375, 103321.2421875, 34.133968353271484, -2.853517532348633, -48.486793518066406, 7.102040767669678, -0.6632518172264099, -12.699128150939941, 0.0, 0.0, 1.0, 54.158409118652344, 109.0, 0.0, 0.0, -1.124408483505249, 0.33079344034194946, 1.3187220096588135, 0.9838887514884075
53331, 0.8481046557426453, -0.4802034795284271, 0.312023401260376, 0.1484816074371338, 0.17191582918167114, -0.03536161407828331, 131588.75, 155789.296875, 84977.53125, 121656.9140625, 142525.640625, 103333.640625, 38.40238571166992, -2.7882778644561768, -49.8681640625, 6.365736484527588, -0.7113466262817383, -12.287301063537598, 0.0, 0.0, 1.0, 54.746639251708984, 109.0, 0.0, 0.0, -1.124986171722412, 0.33036839962005615, 1.3198484182357788, 0.9918463485931323
53351, 0.8497375845909119, -0.47952866554260254, 0.31127017736434937, 0.14276856184005737, 0.16724905371665955, -0.041094403713941574, 131581.390625, 155793.078125, 84988.796875, 121622.703125, 142521.59375, 103336.4609375, 40.4364128112793, -2.7195050716400146, -51.194435119628906, 4.147275447845459, -0.7279343008995056, -11.089357376098633, 0.0, 0.0, 1.0, 55.29758071899414, 109.0, 0.0, 0.0, -1.1253573894500732, 0.330072820186615, 1.3205528259277344, 1.0006727245791922
53371, 0.849632740020752, -0.48010483384132385, 0.31106534600257874, 0.13128627836704254, 0.15720757842063904, -0.040648918598890305, 131555.75, 155789.296875, 84990.6796875, 121632.1328125, 142523.875, 103334.390625, 41.08304977416992, -2.434419631958008, -51.5637321472168, 1.9014583826065063, -1.1289167404174805, -10.169800758361816, 0.0, 0.0, 1.0, 55.87904739379883, 112.0, 0.0, 0.0, -1.1259772777557373, 0.32861340045928955, 1.3212041854858398, 1.0110856148564522
53391, 0.8521715402603149, -0.4786490201950073, 0.3102104663848877, 0.1259101927280426, 0.15029211342334747, -0.04675842449069023, 131543.90625, 155793.078125, 84991.7421875, 121621.171875, 142520.828125, 103328.9453125, 40.373172760009766, -2.384089231491089, -51.24891662597656, 0.18990887701511383, -1.2300728559494019, -9.424346923828125, 0.0, 0.0, 1.0, 56.410972595214844, 112.0, 0.0, 0.0, -1.1265842914581299, 0.327817440032959, 1.3221516609191895, 1.0211260229938102
53411, 0.8524057269096375, -0.47776639461517334, 0.3092046082019806, 0.11388994008302689, 0.14095093309879303, -0.04430494084954262, 131544.53125, 155787.390625, 84987.734375, 121649.6796875, 142523.375, 103328.1953125, 37.610023498535156, -2.328845739364624, -50.69171905517578, -1.3802945613861084, -1.2651548385620117, -9.256850242614746, 0.0, 0.0, 1.0, 56.82109832763672, 112.0, 0.0, 0.0, -1.1270992755889893, 0.3269277513027191, 1.322571039199829, 1.0241800364219702
53432, 0.8529531359672546, -0.47809797525405884, 0.3083139657974243, 0.10212955623865128, 0.12637828290462494, -0.04466630518436432, 131529.46875, 155787.390625, 84989.859375, 121653.40625, 142517.546875, 103328.75, 34.50838851928711, -2.3767805099487305, -50.25206756591797, -0.3876442313194275, -1.3966645002365112, -9.9833345413208, 0.0, 0.0, 1.0, 57.13161849975586, 111.0, 0.0, 0.0, -1.1279011964797974, 0.32638174295425415, 1.3231210708618164, 1.0282612191465348
53451, 0.8549255728721619, -0.475768119096756, 0.3095664978027344, 0.09463904052972794, 0.11782831698656082, -0.029257677495479584, 131531.703125, 155789.296875, 84986.921875, 121677.3125, 142516.5625, 103317.859375, 30.9272518157959, -2.729450225830078, -49.85668182373047, 1.9625977277755737, -1.699096441268921, -10.962308883666992, 0.0, 0.0, 1.0, 57.331756591796875, 111.0, 0.0, 0.0, -1.1286637783050537, 0.32590365409851074, 1.323549747467041, 1.0301912808687554
53471, 0.8551878929138184, -0.4767250716686249, 0.30898505449295044, 0.08216115832328796, 0.09957502782344818, -0.026989711448550224, 131533.953125, 155789.296875, 84980.2265625, 121689.8125, 142517.546875, 103312.4140625, 27.014116287231445, -2.924001932144165, -49.44050598144531, 5.156512260437012, -2.353841781616211, -12.323607444763184, 0.0, 0.0, 1.0, 57.46381759643555, 115.0, 0.0, 0.0, -1.1298940181732178, 0.3253365159034729, 1.3238266706466675, 1.030573273112836
53491, 0.8558834791183472, -0.47591787576675415, 0.3084724545478821, 0.0709945410490036, 0.08600291609764099, -0.024863939732313156, 131521.75, 155785.5, 84981.8515625, 121689.8125, 142515.78125, 103316.546875, 23.78561782836914, -2.978123664855957, -49.50402069091797, 8.689050674438477, -2.9788055419921875, -13.631001472473145, 0.0, 0.0, 1.0, 57.59932327270508, 115.0, 0.0, 0.0, -1.1312144994735718, 0.3245719075202942, 1.3241045475006104, 1.0394755182563644
53512, 0.8579811453819275, -0.4774664342403412, 0.3092181384563446, 0.06367523223161697, 0.06587060540914536, -0.012091145850718021, 131518.265625, 155789.296875, 85012.1640625, 121685.4296875, 142517.546875, 103319.9296875, 20.352798461914062, -3.229219675064087, -49.73579406738281, 11.567344665527344, -3.533705711364746, -14.391763687133789, 0.0, 0.0, 1.0, 58.09040832519531, 115.0, 0.0, 0.0, -1.132153868675232, 0.3241528868675232, 1.324026107788086, 1.0475739615184039
53532, 0.8585168123245239, -0.4772304892539978, 0.3090144991874695, 0.05229102075099945, 0.05081756412982941, -0.006473782006651163, 131522.75, 155789.296875, 84986.671875, 121681.0390625, 142519.328125, 103327.4375, 16.417896270751953, -3.4407765865325928, -48.02932357788086, 13.615443229675293, -3.8260176181793213, -14.476659774780273, 0.0, 0.0, 1.0, 58.47148513793945, 118.0, 0.0, 0.0, -1.1341049671173096, 0.32426032423973083, 1.3244609832763672, 1.0513493999489547
53552, 0.8592252731323242, -0.47988057136535645, 0.3089451491832733, 0.0423341803252697, 0.029681304469704628, -0.0008705423679202795, 131522.125, 155791.1875, 84982.1015625, 121652.53125, 142524.875, 103329.5078125, 12.981499671936035, -3.4029853343963623, -46.13365173339844, 13.565011024475098, -3.6719095706939697, -14.03586483001709, 0.0, 0.0, 1.0, 58.751590728759766, 118.0, 0.0, 0.0, -1.135783314704895, 0.32432734966278076, 1.3245279788970947, 1.0590014121894635
53573, 0.8579853177070618, -0.4823354184627533, 0.30897822976112366, 0.028649481013417244, 0.011746459640562534, 0.005617334973067045, 131515.390625, 155789.296875, 84979.40625, 121645.296875, 142522.09375, 103333.078125, 10.151193618774414, -3.2514922618865967, -46.038612365722656, 11.491959571838379, -3.379129648208618, -13.351035118103027, 0.0, 0.0, 1.0, 59.01776123046875, 118.0, 0.0, 0.0, -1.1373273134231567, 0.32429641485214233, 1.3245850801467896, 1.061146121500962
53593, 0.8572009205818176, -0.4839017689228058, 0.30865564942359924, 0.018571054562926292, 8.252053521573544e-05, 0.003998840693384409, 131528.21875, 155793.078125, 84976.46875, 121644.4140625, 142518.828125, 103339.2734375, 7.227212429046631, -3.1058483123779297, -46.25609588623047, 9.184200286865234, -3.4596028327941895, -12.217592239379883, 0.0, 0.0, 1.0, 59.20600128173828, 119.0, 0.0, 0.0, -1.1393309831619263, 0.32455524802207947, 1.3241950273513794, 1.06666752338995
53613, 0.8563167452812195, -0.48495933413505554, 0.3087545335292816, 0.010473605245351791, -0.006129630841314793, 0.004156406968832016, 131527.234375, 155787.390625, 84970.828125, 121650.3359375, 142527.140625, 103332.328125, 4.980940341949463, -2.8588879108428955, -46.65861511230469, 7.411821365356445, -3.2464632987976074, -11.279966354370117, 0.0, 0.0, 1.0, 59.3173942565918, 119.0, 0.0, 0.0, -1.1415654420852661, 0.3244837522506714, 1.3240435123443604, 1.0713499011268361
53631, 0.8551697731018066, -0.4869723618030548, 0.3087930381298065, 0.004282056353986263, -0.010801238939166069, 0.0008054382633417845, 131528.21875, 155789.296875, 84969.765625, 121652.53125, 142519.828125, 103328.75, 3.662750482559204, -2.736332654953003, -47.390655517578125, 6.783647537231445, -2.7165935039520264, -10.749826431274414, 0.0, 0.0, 1.0, 59.423091888427734, 119.0, 0.0, 0.0, -1.1430057287216187, 0.3246699869632721, 1.3239668607711792, 1.072051249126348
53651, 0.8540944457054138, -0.4893893599510193, 0.3084373474121094, 0.00019771202642004937, -0.01349495630711317, -0.003969225101172924, 131529.46875, 155791.1875, 84970.828125, 121665.6875, 142522.09375, 103321.9921875, 2.501070261001587, -2.829976797103882, -48.308773040771484, 7.876430988311768, -2.3026106357574463, -10.772372245788574, 0.0, 0.0, 1.0, 59.427799224853516, 125.0, 0.0, 0.0, -1.1442617177963257, 0.32481133937835693, 1.3240033388137817, 1.07272944382697
53671, 0.8534328937530518, -0.4911750853061676, 0.30834731459617615, -0.0012843013973906636, -0.012561779469251633, -0.004640952683985233, 131532.703125, 155787.390625, 84972.7109375, 121678.1953125, 142526.640625, 103324.8125, 1.6051143407821655, -2.6880269050598145, -49.01374053955078, 9.703583717346191, -2.2208430767059326, -11.518308639526367, 0.0, 0.0, 1.0, 59.36977005004883, 125.0, 0.0, 0.0, -1.1462538242340088, 0.3242732584476471, 1.3242894411087036, 1.068486520630188
53691, 0.8532284498214722, -0.49223771691322327, 0.3072797358036041, -0.0005634759436361492, -0.008635161444544792, -0.00965900905430317, 131540.046875, 155791.1875, 84960.375, 121692.0078125, 142517.546875, 103321.9921875, 0.8900717496871948, -2.4446558952331543, -49.5290641784668, 11.513035774230957, -2.2206547260284424, -11.931421279907227, 0.0, 0.0, 1.0, 59.284698486328125, 125.0, 0.0, 0.0, -1.1474039554595947, 0.3246985673904419, 1.3244224786758423, 1.071050358993085
53711, 0.8527600765228271, -0.49410000443458557, 0.3071139454841614, 0.00035574514186009765, -0.00579047342762351, -0.007838326506316662, 131536.1875, 155791.1875, 84966.2578125, 121670.734375, 142524.875, 103318.609375, 0.8973410129547119, -2.432208776473999, -50.46477127075195, 12.773681640625, -1.936875343322754, -12.514607429504395, 0.0, 0.0, 1.0, 59.1755256652832, 136.0, 0.0, 0.0, -1.1484862565994263, 0.3244776427745819, 1.3246554136276245, 1.0649810019969812
53731, 0.8526380062103271, -0.4948069155216217, 0.30735278129577637, 0.002970642875880003, 0.0005958903930149972, -0.004832359496504068, 131535.5625, 155787.390625, 84966.0078125, 121676.0, 142526.640625, 103328.1953125, 1.292573094367981, -2.7312657833099365, -51.33528137207031, 13.472023010253906, -1.5867341756820679, -13.099783897399902, 0.0, 0.0, 1.0, 59.0801887512207, 136.0, 0.0, 0.0, -1.1491448879241943, 0.32472896575927734, 1.3252090215682983, 1.0682381799769383
53751, 0.8524479866027832, -0.49650782346725464, 0.30726760625839233, 0.006048559211194515, 0.005109934136271477, -0.003917948808521032, 131538.4375, 155787.390625, 84950.171875, 121668.5390625, 142522.09375, 103330.2578125, 1.2387160062789917, -3.092360496520996, -52.05522918701172, 13.955554962158203, -1.433499813079834, -12.987126350402832, 0.0, 0.0, 1.0, 59.04216766357422, 140.0, 0.0, 0.0, -1.149685263633728, 0.32470467686653137, 1.325976014137268, 1.0676002901414166
53771, 0.8524404764175415, -0.4955267608165741, 0.3063226640224457, 0.010031316429376602, 0.01704985834658146, -0.007402146700769663, 131546.78125, 155785.5, 84955.5546875, 121656.9140625, 142525.875, 103338.5234375, 1.235827088356018, -3.4016120433807373, -53.11112594604492, 13.295661926269531, -1.3422962427139282, -12.329875946044922, 0.0, 0.0, 1.0, 59.05099868774414, 140.0, 0.0, 0.0, -1.150137186050415, 0.324599027633667, 1.3268603086471558, 1.0688235143303093
53791, 0.8539539575576782, -0.49795597791671753, 0.3061631917953491, 0.018278520554304123, 0.02124384604394436, -0.008468952029943466, 131550.265625, 155785.5, 84954.7421875, 121660.6484375, 142529.421875, 103340.59375, 2.001554012298584, -3.450526475906372, -53.814918518066406, 12.2531099319458, -0.8497787117958069, -11.189504623413086, 0.0, 0.0, 1.0, 59.11782455444336, 140.0, 0.0, 0.0, -1.1502374410629272, 0.3243492841720581, 1.328127145767212, 1.0723931981459451
53811, 0.8557960987091064, -0.4972248077392578, 0.3059992492198944, 0.027291687205433846, 0.03417372331023216, -0.007591946981847286, 131550.265625, 155785.5, 84955.8046875, 121652.53125, 142528.921875, 103338.5234375, 3.6098828315734863, -3.2684288024902344, -54.385101318359375, 11.069644927978516, -0.24300086498260498, -10.204204559326172, 0.0, 0.0, 1.0, 59.277862548828125, 32766.0, 0.0, 0.0, -1.1500221490859985, 0.3249210715293884, 1.3292573690414429, 1.0748232561230868
53831, 0.8573745489120483, -0.49779000878334045, 0.3058396279811859, 0.03553800284862518, 0.04392387717962265, -0.008620761334896088, 131564.703125, 155791.1875, 84953.109375, 121661.9609375, 142522.59375, 103337.7734375, 5.241189479827881, -3.309730052947998, -55.09403991699219, 10.08276653289795, -0.09216546267271042, -9.516263008117676, 0.0, 0.0, 1.0, 59.50007629394531, 32766.0, 0.0, 0.0, -1.1493690013885498, 0.32476314902305603, 1.3307757377624512, 1.078847953818181
53851, 0.858144223690033, -0.4967746138572693, 0.3056548237800598, 0.04143835976719856, 0.05772630497813225, -0.009225958958268166, 131574.296875, 155785.5, 84939.71875, 121661.3046875, 142522.09375, 103324.8125, 7.348082065582275, -3.227597951889038, -55.8061637878418, 10.471116065979004, 0.03996489197015762, -9.166668891906738, 0.0, 0.0, 1.0, 59.7797737121582, 32766.0, 0.0, 0.0, -1.1488616466522217, 0.3247801959514618, 1.3322229385375977, 1.084329273361235
53871, 0.8602892160415649, -0.49717622995376587, 0.3060951828956604, 0.05061500146985054, 0.06758386641740799, -0.006167698185890913, 131586.5, 155785.5, 84941.59375, 121670.078125, 142524.375, 103331.765625, 10.577598571777344, -3.1426291465759277, -57.22987365722656, 11.015799522399902, 0.18271566927433014, -9.456313133239746, 0.0, 0.0, 1.0, 60.114192962646484, 32766.0, 0.0, 0.0, -1.1478447914123535, 0.32480713725090027, 1.3339216709136963, 1.0918280012781314
53891, 0.8616572022438049, -0.49531853199005127, 0.3058895468711853, 0.05706529691815376, 0.08196127414703369, -0.0166239682585001, 131593.46875, 155787.390625, 84931.140625, 121686.96875, 142524.875, 103328.1953125, 14.67471981048584, -3.3768131732940674, -59.025691986083984, 11.860021591186523, -0.05026378482580185, -10.355175971984863, 0.0, 0.0, 1.0, 60.62092971801758, 32766.0, 0.0, 0.0, -1.148316502571106, 0.3251021206378937, 1.3351496458053589, 1.1000523471083237
53911, 0.8628661036491394, -0.49628746509552, 0.3046005368232727, 0.06367304176092148, 0.09309072047472, -0.009204303845763206, 131598.953125, 155785.5, 84842.0859375, 121670.734375, 142515.78125, 103322.7421875, 19.39051055908203, -3.4666407108306885, -60.98466873168945, 13.463674545288086, -0.18644069135189056, -11.179743766784668, 0.0, 0.0, 1.0, 60.95151901245117, 32766.0, 0.0, 0.0, -1.1487009525299072, 0.32522517442703247, 1.3362541198730469, 1.1119488289519825
53931, 0.866263747215271, -0.4961887001991272, 0.3042924106121063, 0.07428250461816788, 0.10302857309579849, -0.018827712163329124, 131609.171875, 155785.5, 84927.3828125, 121672.2734375, 142520.328125, 103323.5, 24.272798538208008, -3.534940481185913, -68.21456909179688, 14.465381622314453, -0.5943630337715149, -11.673004150390625, 0.0, 0.0, 1.0, 61.67169952392578, 32766.0, 0.0, 0.0, -1.14919912815094, 0.32559388875961304, 1.3372737169265747, 1.1212578025730355
53951, 0.8665058016777039, -0.4956796169281006, 0.30431294441223145, 0.07643616199493408, 0.11397305876016617, -0.02807433344423771, 131583.265625, 155785.5, 84925.265625, 121675.1171875, 142514.5, 103331.0078125, 29.48155975341797, -3.690704107284546, -74.71651458740234, 15.007180213928223, -1.515342354774475, -11.9464111328125, 0.0, 0.0, 1.0, 62.38852310180664, 32766.0, 0.0, 0.0, -1.1494724750518799, 0.3256552815437317, 1.3380985260009766, 1.1325880610656018
53972, 0.8687664866447449, -0.49752330780029297, 0.30366143584251404, 0.0825527012348175, 0.11793559044599533, -0.03900137543678284, 131570.4375, 155789.296875, 84909.421875, 121663.5, 142520.828125, 103335.140625, 33.205928802490234, -3.817336320877075, -75.66525268554688, 14.856375694274902, -2.148930788040161, -11.823221206665039, 0.0, 0.0, 1.0, 63.00984573364258, 32766.0, 0.0, 0.0, -1.1499953269958496, 0.3254276514053345, 1.3394140005111694, 1.140926252569057
53991, 0.8712269067764282, -0.4974570870399475, 0.3032647669315338, 0.08749790489673615, 0.12614908814430237, -0.04759331792593002, 131567.203125, 155785.5, 84920.9375, 121658.234375, 142520.828125, 103334.390625, 34.31178283691406, -3.7039177417755127, -77.3893814086914, 13.756811141967773, -2.3552510738372803, -11.549148559570312, 0.0, 0.0, 1.0, 63.40970230102539, 32766.0, 0.0, 0.0, -1.1503088474273682, 0.3248401880264282, 1.3410125970840454, 1.154152894339122
54011, 0.8709202408790588, -0.4975507855415344, 0.30226004123687744, 0.0843881219625473, 0.1339961737394333, -0.05422595143318176, 131559.84375, 155787.390625, 84930.328125, 121651.6484375, 142524.375, 103333.078125, 34.372108459472656, -3.591716766357422, -79.0313949584961, 12.100469589233398, -2.338294744491577, -11.44848346710205, 0.0, 0.0, 1.0, 64.08727264404297, 32766.0, 0.0, 0.0, -1.1506556272506714, 0.32403621077537537, 1.3418711423873901, 1.1593012620477643
54031, 0.8726614117622375, -0.49866512417793274, 0.3011833131313324, 0.08497972786426544, 0.13802006840705872, -0.05840880796313286, 131545.78125, 155785.5, 84919.875, 121661.9609375, 142529.421875, 103342.65625, 33.813175201416016, -3.5881757736206055, -79.17676544189453, 10.829851150512695, -1.8395377397537231, -10.919767379760742, 0.0, 0.0, 1.0, 64.4463882446289, 32766.0, 0.0, 0.0, -1.1508294343948364, 0.32357844710350037, 1.3431745767593384, 1.1642634898526913
54051, 0.8725290894508362, -0.49719569087028503, 0.30268216133117676, 0.08124535530805588, 0.14740993082523346, -0.04823822155594826, 131543.546875, 155785.5, 84937.59375, 121654.5, 142522.09375, 103335.140625, 32.09462356567383, -3.573546886444092, -79.23301696777344, 9.853058815002441, -1.5269455909729004, -10.361032485961914, 0.0, 0.0, 1.0, 64.76626586914062, 32766.0, 0.0, 0.0, -1.1510035991668701, 0.3233753740787506, 1.3438715934753418, 1.1715212142503304
54071, 0.8729985356330872, -0.49865618348121643, 0.3017358183860779, 0.07853353768587112, 0.14737822115421295, -0.04779387637972832, 131539.0625, 155785.5, 84930.328125, 121678.8515625, 142523.09375, 103337.9609375, 29.637529373168945, -3.6557059288024902, -78.7400894165039, 9.929363250732422, -1.6079638004302979, -10.157163619995117, 0.0, 0.0, 1.0, 65.38361358642578, 32766.0, 0.0, 0.0, -1.1514463424682617, 0.3225547969341278, 1.3450181484222412, 1.1822623398324648
54091, 0.8741984367370605, -0.49844902753829956, 0.30193519592285156, 0.07702885568141937, 0.1498057246208191, -0.03828767314553261, 131537.4375, 155783.59375, 84938.65625, 121687.625, 142520.328125, 103328.9453125, 27.067140579223633, -3.7170610427856445, -77.58053588867188, 11.854972839355469, -1.7808544635772705, -10.352876663208008, 0.0, 0.0, 1.0, 65.79329681396484, 32766.0, 0.0, 0.0, -1.1516945362091064, 0.3216801583766937, 1.3457845449447632, 1.189074551939439
54111, 0.8764201402664185, -0.4985845983028412, 0.30123668909072876, 0.07785065472126007, 0.1491544544696808, -0.033680446445941925, 131536.1875, 155785.5, 84946.1640625, 121677.96875, 142527.140625, 103327.6328125, 24.43251609802246, -3.8674087524414062, -76.35997009277344, 13.502577781677246, -1.706471562385559, -11.136014938354492, 0.0, 0.0, 1.0, 66.3220443725586, 32766.0, 0.0, 0.0, -1.1521143913269043, 0.32157203555107117, 1.3466078042984009, 1.1958679947860835
54131, 0.8781732320785522, -0.4967997372150421, 0.30144771933555603, 0.07691366225481033, 0.15208669006824493, -0.021868865936994553, 131539.0625, 155785.5, 84942.1640625, 121691.7890625, 142526.640625, 103327.6328125, 21.925254821777344, -3.9891037940979004, -74.25352478027344, 15.656976699829102, -1.2576830387115479, -12.005354881286621, 0.0, 0.0, 1.0, 66.75914001464844, 32766.0, 0.0, 0.0, -1.152487874031067, 0.3204602003097534, 1.3478552103042603, 1.203966444069954
54151, 0.879490852355957, -0.4944017827510834, 0.3010946214199066, 0.07499272376298904, 0.15559528768062592, -0.013359293341636658, 131533.953125, 155783.59375, 84936.7734375, 121677.96875, 142528.921875, 103328.9453125, 19.38571548461914, -3.8711769580841064, -72.63324737548828, 17.554515838623047, -0.9607809782028198, -12.612177848815918, 0.0, 0.0, 1.0, 67.2388916015625, 32766.0, 0.0, 0.0, -1.15256667137146, 0.32031670212745667, 1.3484455347061157, 1.2097985360292136
54171, 0.8807119131088257, -0.4944658577442169, 0.300955593585968, 0.07277525961399078, 0.15191541612148285, -0.0024698972702026367, 131524.609375, 155785.5, 84939.71875, 121691.1328125, 142527.140625, 103337.9609375, 16.714582443237305, -3.540740966796875, -71.17324829101562, 18.14647102355957, -0.6702141761779785, -13.14467716217041, 0.0, 0.0, 1.0, 67.638916015625, 32766.0, 0.0, 0.0, -1.1527464389801025, 0.3205674886703491, 1.3494133949279785, 1.2173488134768997
54191, 0.8832332491874695, -0.4930099546909332, 0.3023822009563446, 0.07397937029600143, 0.1522548347711563, 0.016355890780687332, 131535.203125, 155785.5, 84937.59375, 121675.1171875, 142529.421875, 103337.2109375, 14.11108112335205, -3.3427348136901855, -69.90279388427734, 18.371326446533203, -0.5432041883468628, -13.292316436767578, 0.0, 0.0, 1.0, 68.08406066894531, 32766.0, 0.0, 0.0, -1.1528089046478271, 0.3211834728717804, 1.3501684665679932, 1.2261907959960219
54211, 0.8832541704177856, -0.49311044812202454, 0.3028137981891632, 0.0697268545627594, 0.14979904890060425, 0.023371275514364243, 131530.09375, 155787.390625, 84933.0234375, 121666.34375, 142529.421875, 103337.2109375, 12.271771430969238, -3.263251781463623, -69.05918884277344, 17.726228713989258, -0.33230990171432495, -12.865339279174805, 0.0, 0.0, 1.0, 68.62860107421875, 32766.0, 0.0, 0.0, -1.1527549028396606, 0.32240137457847595, 1.35121750831604, 1.2382763393179512
54231, 0.8850160241127014, -0.4938068389892578, 0.3041829764842987, 0.0702037364244461, 0.14647376537322998, 0.03204664587974548, 131532.953125, 155787.390625, 84935.9609375, 121672.9296875, 142536.234375, 103337.9609375, 11.182328224182129, -3.181488037109375, -68.13983154296875, 17.138463973999023, 0.5934198498725891, -12.469432830810547, 0.0, 0.0, 1.0, 69.16936492919922, 32766.0, 0.0, 0.0, -1.1527502536773682, 0.32344749569892883, 1.351912021636963, 1.2455170217737193
54251, 0.8886010646820068, -0.4952043890953064, 0.3048947751522064, 0.07509482651948929, 0.14233821630477905, 0.035217415541410446, 131543.546875, 155785.5, 84923.6328125, 121672.046875, 142529.921875, 103342.8515625, 9.782716751098633, -3.204376220703125, -67.8491439819336, 16.92317008972168, 1.4398531913757324, -11.82559871673584, 0.0, 0.0, 1.0, 69.7645492553711, 32766.0, 0.0, 0.0, -1.1528658866882324, 0.3239944577217102, 1.3528093099594116, 1.255763049894736
54271, 0.8890953063964844, -0.49620652198791504, 0.3050895929336548, 0.07256117463111877, 0.14118076860904694, 0.03124132938683033, 131541.921875, 155783.59375, 84926.5703125, 121676.0, 142529.921875, 103342.09375, 9.26762580871582, -3.213481903076172, -67.18113708496094, 16.890470504760742, 1.8320178985595703, -11.047307968139648, 0.0, 0.0, 1.0, 70.13858032226562, 32766.0, 0.0, 0.0, -1.1529737710952759, 0.3246697187423706, 1.3537242412567139, 1.2654499258467062
54292, 0.8902947306632996, -0.49776366353034973, 0.3057081997394562, 0.07169269025325775, 0.1395159363746643, 0.02652072347700596, 131555.375, 155783.59375, 84919.875, 121686.7421875, 142526.375, 103340.78125, 9.516535758972168, -3.3178482055664062, -66.40442657470703, 17.675344467163086, 1.9759306907653809, -10.500106811523438, 0.0, 0.0, 1.0, 70.60912322998047, 32766.0, 0.0, 0.0, -1.1527390480041504, 0.3253556787967682, 1.3544483184814453, 1.2741104243981827
54311, 0.8902055621147156, -0.4959709644317627, 0.3066178262233734, 0.06801312416791916, 0.14719635248184204, 0.02266804315149784, 131556.984375, 155783.59375, 84925.5078125, 121681.0390625, 142527.640625, 103337.9609375, 10.028972625732422, -3.5066535472869873, -66.45306396484375, 18.640470504760742, 1.9708529710769653, -10.274645805358887, 0.0, 0.0, 1.0, 70.91630554199219, 32766.0, 0.0, 0.0, -1.1527764797210693, 0.32634639739990234, 1.3550655841827393, 1.2781484984228224
54331, 0.8914923667907715, -0.4972810745239258, 0.30710306763648987, 0.06765370070934296, 0.1481568068265915, 0.02148354798555374, 131553.125, 155789.296875, 84902.9765625, 121683.890625, 142527.640625, 103340.03125, 11.335220336914062, -3.66273832321167, -66.4329833984375, 19.31983757019043, 2.0344858169555664, -10.144486427307129, 0.0, 0.0, 1.0, 71.23993682861328, 32766.0, 0.0, 0.0, -1.1526646614074707, 0.32683101296424866, 1.3557260036468506, 1.286259644913075
54352, 0.8908658027648926, -0.49886924028396606, 0.3075130879878998, 0.06269519776105881, 0.1486705243587494, 0.013356783427298069, 131563.71875, 155787.390625, 84915.0546875, 121689.8125, 142532.96875, 103333.078125, 12.368502616882324, -3.4680697917938232, -67.24452209472656, 20.40027618408203, 2.3872406482696533, -10.331591606140137, 0.0, 0.0, 1.0, 71.72766876220703, 32766.0, 0.0, 0.0, -1.15253746509552, 0.3269526958465576, 1.3562610149383545, 1.2895210674013815
54372, 0.8918269872665405, -0.49765631556510925, 0.30742940306663513, 0.06191716343164444, 0.1563275158405304, 0.004545869305729866, 131554.75, 155789.296875, 84890.890625, 121693.984375, 142529.421875, 103332.515625, 13.666356086730957, -3.069847822189331, -68.42982482910156, 21.465238571166992, 2.9239954948425293, -10.217625617980957, 0.0, 0.0, 1.0, 71.9244155883789, 32766.0, 0.0, 0.0, -1.1525074243545532, 0.3268719017505646, 1.3571416139602661, 1.298508579945811
54391, 0.8934330940246582, -0.4960743188858032, 0.30741700530052185, 0.0623016394674778, 0.16456270217895508, -0.007825091481208801, 131559.84375, 155787.390625, 84908.609375, 121688.9375, 142536.734375, 103341.34375, 14.9098482131958, -2.705437183380127, -70.03793334960938, 22.4293270111084, 3.250887155532837, -10.2177095413208, 0.0, 0.0, 1.0, 72.40409851074219, 32766.0, 0.0, 0.0, -1.1522800922393799, 0.3270144462585449, 1.3579342365264893, 1.3034624091363776
54411, 0.8959057331085205, -0.4963633716106415, 0.30824464559555054, 0.06422697007656097, 0.1674555540084839, -0.01787024736404419, 131552.125, 155783.59375, 84904.8515625, 121677.96875, 142527.640625, 103340.03125, 15.794034004211426, -2.3712966442108154, -71.70231628417969, 22.733999252319336, 3.3076345920562744, -10.552034378051758, 0.0, 0.0, 1.0, 72.54813385009766, 32766.0, 0.0, 0.0, -1.152186393737793, 0.3269355297088623, 1.3584582805633545, 1.3075791853033318
54431, 0.8961650729179382, -0.4937407076358795, 0.307818204164505, 0.05970015749335289, 0.1782679259777069, -0.026800457388162613, 131555.984375, 155785.5, 84913.421875, 121679.5078125, 142535.453125, 103342.8515625, 16.429264068603516, -2.3858678340911865, -72.26466369628906, 21.785072326660156, 3.169600009918213, -10.409477233886719, 0.0, 0.0, 1.0, 72.88015747070312, 32766.0, 0.0, 0.0, -1.1522425413131714, 0.3265955448150635, 1.359100103378296, 1.3128826511865987
54451, 0.8959692716598511, -0.4948310852050781, 0.3062068521976471, 0.053687747567892075, 0.17918360233306885, -0.0406341515481472, 131553.75, 155785.5, 84900.0390625, 121673.5859375, 142536.234375, 103342.09375, 16.773536682128906, -2.4948198795318604, -72.36429595947266, 20.62734031677246, 3.3989768028259277, -10.119717597961426, 0.0, 0.0, 2.0, 72.98129272460938, 32766.0, 0.0, 0.0, -1.152334451675415, 0.3258565068244934, 1.3593554496765137, 1.3135566794340718
54471, 0.8970271348953247, -0.4955800175666809, 0.30537962913513184, 0.05042940378189087, 0.17968998849391937, -0.04788470268249512, 131542.546875, 155785.5, 84901.9140625, 121672.9296875, 142534.453125, 103346.2265625, 17.168678283691406, -2.4733164310455322, -72.5960922241211, 20.62734031677246, 3.3989768028259277, -10.119717597961426, 0.0, 0.0, 2.0, 73.09793090820312, 32766.0, 0.0, 0.0, -1.1524934768676758, 0.3251822590827942, 1.3597196340560913, 1.3149082714069273
54491, 0.8975887894630432, -0.496084064245224, 0.3050045967102051, 0.04630451276898384, 0.17900170385837555, -0.05429844558238983, 131555.375, 155783.59375, 84894.40625, 121674.2421875, 142525.875, 103338.15625, 17.168678283691406, -2.4733164310455322, -72.5960922241211, 20.62734031677246, 3.3989768028259277, -10.119717597961426, 0.0, 0.0, 2.0, 73.21131896972656, 32766.0, 0.0, 0.0, -1.152932047843933, 0.32396554946899414, 1.3598567247390747, 1.3134458718492896
54511, 0.8973308801651001, -0.4971984922885895, 0.30382972955703735, 0.04052915424108505, 0.17548340559005737, -0.06787481158971786, 131545.40625, 155787.390625, 84877.5078125, 121675.1171875, 142530.40625, 103335.8984375, 17.168678283691406, -2.4733164310455322, -72.5960922241211, 20.62734031677246, 3.3989768028259277, -10.119717597961426, 0.0, 0.0, 2.0, 73.22541809082031, 32766.0, 0.0, 0.0, -1.153030276298523, 0.3232331871986389, 1.3599743843078613, 1.3153944772399024
54531, 0.8976407647132874, -0.4976014494895935, 0.30295032262802124, 0.036634448915719986, 0.17159265279769897, -0.0835801512002945, 131534.578125, 155783.59375, 84915.0546875, 121693.3203125, 142530.40625, 103338.71875, 17.168678283691406, -2.4733164310455322, -72.5960922241211, 20.62734031677246, 3.3989768028259277, -10.119717597961426, 0.0, 0.0, 2.0, 73.35254669189453, 32766.0, 0.0, 0.0, -1.1533337831497192, 0.32147952914237976, 1.3601281642913818, 1.3155606047504853
54551, 0.8968918919563293, -0.496414452791214, 0.30109068751335144, 0.030441028997302055, 0.16972947120666504, -0.10327038913965225, 131530.71875, 155789.296875, 84911.3046875, 121702.09375, 142530.40625, 103338.71875, 17.168678283691406, -2.4733164310455322, -72.5960922241211, 20.62734031677246, 3.3989768028259277, -10.119717597961426, 0.0, 0.0, 2.0, 73.31913757324219, 32766.0, 0.0, 0.0, -1.1534169912338257, 0.31974250078201294, 1.3602567911148071, 1.315185879222189
54572, 0.897063672542572, -0.4972838759422302, 0.29870203137397766, 0.02684626542031765, 0.16006003320217133, -0.1264733225107193, 131530.09375, 155785.5, 84915.0546875, 121696.171875, 142536.734375, 103340.03125, 17.168678283691406, -2.4733164310455322, -72.5960922241211, 20.62734031677246, 3.3989768028259277, -10.119717597961426, 0.0, 0.0, 2.0, 73.31414794921875, 32766.0, 0.0, 0.0, -1.154147982597351, 0.3165142834186554, 1.3600813150405884, 1.3137689054982309
54593, 0.895271897315979, -0.5002046227455139, 0.29790279269218445, 0.0195118747651577, 0.1439327597618103, -0.138538658618927, 131528.46875, 155785.5, 84913.1796875, 121697.7109375, 142535.453125, 103347.5390625, 17.168678283691406, -2.4733164310455322, -72.5960922241211, 20.62734031677246, 3.3989768028259277, -10.119717597961426, 0.0, 0.0, 2.0, 73.31047821044922, 32766.0, 0.0, 0.0, -1.1543340682983398, 0.31389907002449036, 1.359943151473999, 1.3123875193520773
54613, 0.8957765698432922, -0.49965617060661316, 0.29491692781448364, 0.018184488639235497, 0.1338452249765396, -0.1604553461074829, 131521.125, 155783.59375, 84914.2421875, 121709.3359375, 142532.6875, 103342.09375, 17.168678283691406, -2.4733164310455322, -72.5960922241211, 20.62734031677246, 3.3989768028259277, -10.119717597961426, 0.0, 0.0, 2.0, 73.22589111328125, 32766.0, 0.0, 0.0, -1.1547528505325317, 0.3102990984916687, 1.3600943088531494, 1.3113701434718905
54632, 0.8951494693756104, -0.49967050552368164, 0.2917758524417877, 0.014639615081250668, 0.12098540365695953, -0.181783065199852, 131530.09375, 155783.59375, 84917.1796875, 121699.90625, 142536.734375, 103344.9140625, 17.168678283691406, -2.4733164310455322, -72.5960922241211, 20.62734031677246, 3.3989768028259277, -10.119717597961426, 0.0, 0.0, 2.0, 73.1131820678711, 32766.0, 0.0, 0.0, -1.1552842855453491, 0.30620765686035156, 1.3595571517944336, 1.3089367839458803
54651, 0.8950753808021545, -0.4990931749343872, 0.2879285514354706, 0.013013478368520737, 0.1083441823720932, -0.2021792083978653, 131531.34375, 155785.5, 84911.3046875, 121697.0546875, 142534.953125, 103346.2265625, 17.168678283691406, -2.4733164310455322, -72.5960922241211, 20.62734031677246, 3.3989768028259277, -10.119717597961426, 0.0, 0.0, 2.0, 72.98135375976562, 32766.0, 0.0, 0.0, -1.1559076309204102, 0.30284324288368225, 1.3596574068069458, 1.3071732617805916
54671, 0.8959274291992188, -0.49720147252082825, 0.2854262590408325, 0.01390052679926157, 0.0981627106666565, -0.21207474172115326, 131529.46875, 155785.5, 84909.421875, 121688.9375, 142539.0, 103354.4921875, 17.168678283691406, -2.4733164310455322, -72.5960922241211, 20.62734031677246, 3.3989768028259277, -10.119717597961426, 0.0, 0.0, 2.0, 72.8411865234375, 32766.0, 0.0, 0.0, -1.1564879417419434, 0.2977742552757263, 1.3595075607299805, 1.3014175767755667
54691, 0.8960162997245789, -0.49752891063690186, 0.2809749245643616, 0.013197613880038261, 0.08259241282939911, -0.23254045844078064, 131538.0625, 155783.59375, 84903.7890625, 121693.984375, 142539.0, 103352.4296875, 17.168678283691406, -2.4733164310455322, -72.5960922241211, 20.62734031677246, 3.3989768028259277, -10.119717597961426, 0.0, 0.0, 2.0, 72.65790557861328, 32766.0, 0.0, 0.0, -1.1571723222732544, 0.29398971796035767, 1.359163761138916, 1.3007541050606586
54711, 0.8952065110206604, -0.4969097375869751, 0.2768647372722626, 0.010563877411186695, 0.06927067786455154, -0.24562881886959076, 131539.671875, 155783.59375, 84903.7890625, 121697.0546875, 142540.78125, 103352.4296875, 17.168678283691406, -2.4733164310455322, -72.5960922241211, 20.62734031677246, 3.3989768028259277, -10.119717597961426, 0.0, 0.0, 2.0, 72.5081558227539, 32766.0, 0.0, 0.0, -1.1578985452651978, 0.2885071039199829, 1.3592970371246338, 1.2943304588230726
54731, 0.8920158743858337, -0.5018322467803955, 0.2717817723751068, 0.002624011365696788, 0.04264221712946892, -0.25970953702926636, 131552.5, 155789.296875, 84898.15625, 121697.0546875, 142542.546875, 103349.609375, 17.168678283691406, -2.4733164310455322, -72.5960922241211, 20.62734031677246, 3.3989768028259277, -10.119717597961426, 0.0, 0.0, 2.0, 72.35208892822266, 32766.0, 0.0, 0.0, -1.15899658203125, 0.2825620472431183, 1.359281063079834, 1.2950789594336514
54751, 0.8941132426261902, -0.5036511421203613, 0.26645565032958984, 0.00817176979035139, 0.02419080212712288, -0.2720509469509125, 131555.984375, 155785.5, 84895.21875, 121702.09375, 142529.921875, 103350.359375, 17.168678283691406, -2.4733164310455322, -72.5960922241211, 20.62734031677246, 3.3989768028259277, -10.119717597961426, 0.0, 0.0, 2.0, 72.19314575195312, 32766.0, 0.0, 0.0, -1.1597707271575928, 0.27790865302085876, 1.3591557741165161, 1.2900347392427596
54771, 0.8899624943733215, -0.5062891840934753, 0.2610006034374237, -0.0008971105562523007, 0.0028012539260089397, -0.2833064794540405, 131557.609375, 155791.1875, 84893.5859375, 121701.4375, 142539.5, 103340.03125, 17.168678283691406, -2.4733164310455322, -72.5960922241211, 20.62734031677246, 3.3989768028259277, -10.119717597961426, 0.0, 0.0, 2.0, 72.06761932373047, 32766.0, 0.0, 0.0, -1.1609985828399658, 0.2715398371219635, 1.359548568725586, 1.292863210631756
54791, 0.8913984894752502, -0.5073338747024536, 0.2552262544631958, 0.004237063694745302, -0.013061026111245155, -0.29334622621536255, 131562.09375, 155783.59375, 84896.28125, 121696.171875, 142539.0, 103348.296875, 17.168678283691406, -2.4733164310455322, -72.5960922241211, 20.62734031677246, 3.3989768028259277, -10.119717597961426, 0.0, 0.0, 2.0, 72.10050201416016, 32766.0, 0.0, 0.0, -1.1619946956634521, 0.2665821313858032, 1.359187126159668, 1.2878962013678217
54811, 0.8902495503425598, -0.5087748169898987, 0.2511938214302063, 0.0030368054285645485, -0.030223367735743523, -0.29143020510673523, 131559.84375, 155785.5, 84899.21875, 121693.984375, 142530.90625, 103337.9609375, 17.168678283691406, -2.4733164310455322, -72.5960922241211, 20.62734031677246, 3.3989768028259277, -10.119717597961426, 0.0, 0.0, 2.0, 72.12467193603516, 32766.0, 0.0, 0.0, -1.1632590293884277, 0.2604759931564331, 1.3596254587173462, 1.2941102920126053
54831, 0.8906424641609192, -0.5087817311286926, 0.2452966570854187, 0.005698643159121275, -0.041801776736974716, -0.299262136220932, 131562.09375, 155783.59375, 84890.6484375, 121688.0546875, 142536.734375, 103344.9140625, 17.168678283691406, -2.4733164310455322, -72.5960922241211, 20.62734031677246, 3.3989768028259277, -10.119717597961426, 0.0, 0.0, 2.0, 72.16082000732422, 32766.0, 0.0, 0.0, -1.1648374795913696, 0.2538289427757263, 1.359861135482788, 1.2910315101355745
54851, 0.8892427682876587, -0.5111486315727234, 0.2391173541545868, 0.003762586275115609, -0.05760403349995613, -0.30977505445480347, 131551.515625, 155785.5, 84888.7734375, 121698.3671875, 142531.6875, 103340.78125, 17.168678283691406, -2.4733164310455322, -72.5960922241211, 20.62734031677246, 3.3989768028259277, -10.119717597961426, 0.0, 0.0, 2.0, 72.25257873535156, 32766.0, 0.0, 0.0, -1.1659765243530273, 0.2488066703081131, 1.3599677085876465, 1.2990360399809402
54871, 0.8895267844200134, -0.5124022960662842, 0.23285269737243652, 0.0055770776234567165, -0.06781856715679169, -0.31644386053085327, 131558.234375, 155785.5, 84884.203125, 121688.0546875, 142525.875, 103341.5390625, 17.168678283691406, -2.4733164310455322, -72.5960922241211, 20.62734031677246, 3.3989768028259277, -10.119717597961426, 0.0, 0.0, 2.0, 72.34530639648438, 32766.0, 0.0, 0.0, -1.1676801443099976, 0.2416144609451294, 1.3600060939788818, 1.2976016682716154
54891, 0.8898192644119263, -0.5157670378684998, 0.22641754150390625, 0.006891434080898762, -0.08083801716566086, -0.32504016160964966, 131550.890625, 155783.59375, 84885.015625, 121691.1328125, 142532.6875, 103346.984375, 17.168678283691406, -2.4733164310455322, -72.5960922241211, 20.62734031677246, 3.3989768028259277, -10.119717597961426, 0.0, 0.0, 2.0, 72.40962982177734, 32766.0, 0.0, 0.0, -1.168500542640686, 0.23683695495128632, 1.3602489233016968, 1.2984920667068753
54911, 0.8908642530441284, -0.5152329802513123, 0.2197057008743286, 0.009825804270803928, -0.08135227113962173, -0.3315267860889435, 131548.265625, 155781.703125, 84881.265625, 121690.25, 142534.453125, 103344.9140625, 17.168678283691406, -2.4733164310455322, -72.5960922241211, 20.62734031677246, 3.3989768028259277, -10.119717597961426, 0.0, 0.0, 2.0, 72.39876556396484, 32766.0, 0.0, 0.0, -1.1701796054840088, 0.2295941859483719, 1.3603448867797852, 1.2984177725547141
54931, 0.8899838328361511, -0.5162270665168762, 0.21297886967658997, 0.007321156561374664, -0.08461775630712509, -0.34169718623161316, 131548.640625, 155779.8125, 84880.203125, 121695.515625, 142529.921875, 103351.8671875, 17.168678283691406, -2.4733164310455322, -72.5960922241211, 20.62734031677246, 3.3989768028259277, -10.119717597961426, 0.0, 0.0, 2.0, 72.3696517944336, 32766.0, 0.0, 0.0, -1.1713569164276123, 0.2214076966047287, 1.3607211112976074, 1.3014059386952337
54951, 0.8902952075004578, -0.5149766802787781, 0.20462793111801147, 0.007785920053720474, -0.07936082780361176, -0.3582688570022583, 131546.40625, 155783.59375, 84878.3203125, 121694.859375, 142528.640625, 103345.671875, 17.168678283691406, -2.4733164310455322, -72.5960922241211, 20.62734031677246, 3.3989768028259277, -10.119717597961426, 0.0, 0.0, 2.0, 72.29788208007812, 32766.0, 0.0, 0.0, -1.172299861907959, 0.21643216907978058, 1.3609721660614014, 1.2994314980028907
54972, 0.8908133506774902, -0.5141429901123047, 0.19738110899925232, 0.008782320655882359, -0.07342962920665741, -0.3676294684410095, 131548.640625, 155783.59375, 84870.0, 121688.9375, 142532.6875, 103343.6015625, 17.168678283691406, -2.4733164310455322, -72.5960922241211, 20.62734031677246, 3.3989768028259277, -10.119717597961426, 0.0, 0.0, 2.0, 72.21125793457031, 32766.0, 0.0, 0.0, -1.173067569732666, 0.20806239545345306, 1.3611364364624023, 1.2993112244140648
54991, 0.889380931854248, -0.5174724459648132, 0.18994851410388947, 0.00446896068751812, -0.07849176228046417, -0.3776286840438843, 131545.40625, 155781.703125, 84873.5078125, 121697.7109375, 142525.875, 103349.046875, 17.168678283691406, -2.4733164310455322, -72.5960922241211, 20.62734031677246, 3.3989768028259277, -10.119717597961426, 0.0, 0.0, 2.0, 72.15478515625, 32766.0, 0.0, 0.0, -1.1737496852874756, 0.2016042172908783, 1.3611881732940674, 1.2976282590226695
55011, 0.8887453079223633, -0.5175542235374451, 0.1823207139968872, 0.0024361538235098124, -0.07333753257989883, -0.3856123089790344, 131553.75, 155781.703125, 84876.4453125, 121693.984375, 142528.640625, 103342.09375, 17.168678283691406, -2.4733164310455322, -72.5960922241211, 20.62734031677246, 3.3989768028259277, -10.119717597961426, 0.0, 0.0, 2.0, 72.10639953613281, 920.0, 0.0, 0.0, -1.1743731498718262, 0.19300901889801025, 1.3613172769546509, 1.2965280761724793
55032, 0.8875927925109863, -0.5158959627151489, 0.1762744039297104, -0.0007288221386261284, -0.06312869489192963, -0.38574352860450745, 131552.125, 155779.8125, 84872.6953125, 121696.171875, 142525.875, 103340.03125, 17.168678283691406, -2.4733164310455322, -72.5960922241211, 20.62734031677246, 3.3989768028259277, -10.119717597961426, 0.0, 0.0, 2.0, 72.09488677978516, 920.0, 0.0, 0.0, -1.1744847297668457, 0.1844654232263565, 1.3614157438278198, 1.2945186329996623
55051, 0.8851016759872437, -0.5194451808929443, 0.16846401989459991, -0.007364499382674694, -0.0679539144039154, -0.39445099234580994, 131552.75, 155785.5, 84875.6328125, 121692.4453125, 142526.375, 103341.5390625, 17.168678283691406, -2.4733164310455322, -72.5960922241211, 20.62734031677246, 3.3989768028259277, -10.119717597961426, 0.0, 0.0, 2.0, 72.0965805053711, 844.0, 0.0, 0.0, -1.174413800239563, 0.1773860603570938, 1.3614779710769653, 1.2904989550525938
55072, 0.8850609064102173, -0.517931342124939, 0.16048964858055115, -0.0066747842356562614, -0.056845664978027344, -0.4043654203414917, 131555.375, 155783.59375, 84873.75, 121685.2109375, 142528.640625, 103346.984375, 17.168678283691406, -2.4733164310455322, -72.5960922241211, 20.62734031677246, 3.3989768028259277, -10.119717597961426, 0.0, 0.0, 2.0, 72.04865264892578, 844.0, 0.0, 0.0, -1.1744260787963867, 0.16836509108543396, 1.361853003501892, 1.2927079226792837
55092, 0.8846814632415771, -0.5147691965103149, 0.15169687569141388, -0.006935217417776585, -0.041174810379743576, -0.41499462723731995, 131540.921875, 155783.59375, 84875.6328125, 121684.328125, 142534.453125, 103343.6015625, 17.168678283691406, -2.4733164310455322, -72.5960922241211, 20.62734031677246, 3.3989768028259277, -10.119717597961426, 0.0, 0.0, 2.0, 71.98038482666016, 844.0, 0.0, 0.0, -1.1735692024230957, 0.1591586321592331, 1.3619953393936157, 1.2917068728067396
55111, 0.8821150064468384, -0.5133943557739258, 0.14331358671188354, -0.01357295922935009, -0.03212530538439751, -0.4237993359565735, 131547.03125, 155781.703125, 84867.875, 121688.71875, 142528.640625, 103344.1640625, 17.168678283691406, -2.4733164310455322, -72.5960922241211, 20.62734031677246, 3.3989768028259277, -10.119717597961426, 0.0, 0.0, 2.0, 71.9190444946289, 741.0, 0.0, 0.0, -1.1731243133544922, 0.15123973786830902, 1.3622573614120483, 1.2907640275699348
55133, 0.8832844495773315, -0.514533519744873, 0.13598808646202087, -0.00857098214328289, -0.02852731943130493, -0.42660266160964966, 131543.78125, 155785.5, 84858.25, 121697.7109375, 142528.140625, 103347.734375, 17.168678283691406, -2.4733164310455322, -72.5960922241211, 20.62734031677246, 3.3989768028259277, -10.119717597961426, 0.0, 0.0, 2.0, 71.81582641601562, 741.0, 0.0, 0.0, -1.1720942258834839, 0.1412055343389511, 1.3624979257583618, 1.2881115192949264
55151, 0.8933183550834656, -0.5192288756370544, 0.12738636136054993, 0.0235965047031641, -0.0318564735352993, -0.4358528256416321, 131558.859375, 155779.8125, 84863.3046875, 121693.984375, 142525.875, 103344.9140625, 17.168678283691406, -2.4733164310455322, -72.5960922241211, 20.62734031677246, 3.3989768028259277, -10.119717597961426, 0.0, 0.0, 2.0, 71.64251708984375, 741.0, 0.0, 0.0, -1.170979619026184, 0.13339662551879883, 1.3627439737319946, 1.2872107916227284
55172, 0.8917686939239502, -0.5148023962974548, 0.11958454549312592, 0.01964440941810608, -0.013479189947247505, -0.4409816861152649, 131556.609375, 155779.8125, 84861.4296875, 121694.640625, 142524.09375, 103343.6015625, 17.168678283691406, -2.4733164310455322, -72.5960922241211, 20.62734031677246, 3.3989768028259277, -10.119717597961426, 0.0, 0.0, 2.0, 71.60273742675781, 654.0, 0.0, 0.0, -1.169249415397644, 0.12337782979011536, 1.3630157709121704, 1.2883886909516273
55191, 0.8903312683105469, -0.49820372462272644, 0.11062054336071014, 0.016885658726096153, 0.04395906254649162, -0.450151652097702, 131561.09375, 155779.8125, 84860.6171875, 121695.296875, 142525.09375, 103342.8515625, 17.168678283691406, -2.4733164310455322, -72.5960922241211, 20.62734031677246, 3.3989768028259277, -10.119717597961426, 0.0, 0.0, 2.0, 71.55075073242188, 654.0, 0.0, 0.0, -1.1676982641220093, 0.11240691691637039, 1.363696813583374, 1.2921628039549615
55211, 0.8880038261413574, -0.4940795302391052, 0.10146548599004745, 0.010063246823847294, 0.05659118667244911, -0.4597306549549103, 131567.828125, 155779.8125, 84855.796875, 121693.984375, 142537.234375, 103344.359375, 17.168678283691406, -2.4733164310455322, -72.5960922241211, 20.62734031677246, 3.3989768028259277, -10.119717597961426, 0.0, 0.0, 2.0, 71.5378189086914, 654.0, 0.0, 0.0, -1.1660046577453613, 0.10393915325403214, 1.3640528917312622, 1.2867450761736086
55231, 0.887951672077179, -0.4883440136909485, 0.0892133042216301, 0.011500240303575993, 0.075898677110672, -0.48402902483940125, 131566.203125, 155785.5, 84853.921875, 121696.171875, 142529.140625, 103344.359375, 17.168678283691406, -2.4733164310455322, -72.5960922241211, 20.62734031677246, 3.3989768028259277, -10.119717597961426, 0.0, 0.0, 2.0, 71.499755859375, 578.0, 0.0, 0.0, -1.1638517379760742, 0.09314241260290146, 1.3644514083862305, 1.2897553930722037
55251, 0.8882819414138794, -0.48227640986442566, 0.07871800661087036, 0.013880589976906776, 0.09632807224988937, -0.5499329566955566, 131572.671875, 155785.5, 84856.6171875, 121696.171875, 142531.40625, 103341.5390625, 17.168678283691406, -2.4733164310455322, -72.5960922241211, 20.62734031677246, 3.3989768028259277, -10.119717597961426, 0.0, 0.0, 2.0, 72.14952087402344, 578.0, 0.0, 0.0, -1.1605974435806274, 0.07280610501766205, 1.3654412031173706, 1.326600632207712
55271, 0.888948380947113, -0.4732034504413605, 0.06466913968324661, 0.018140269443392754, 0.13006773591041565, -0.698661208152771, 131574.546875, 155781.703125, 84838.90625, 121694.640625, 142538.5, 103351.1171875, 17.168678283691406, -2.4733164310455322, -72.5960922241211, 20.62734031677246, 3.3989768028259277, -10.119717597961426, 0.0, 0.0, 2.0, 73.59030151367188, 578.0, 0.0, 0.0, -1.1596752405166626, 0.06403256207704544, 1.366178035736084, 1.3469986228600734
55291, 0.8923994898796082, -0.46346625685691833, 0.04794941842556, 0.03532387688755989, 0.16818784177303314, -0.8665884137153625, 131538.6875, 155783.59375, 84864.125, 121705.6015625, 142545.828125, 103349.046875, 17.168678283691406, -2.4733164310455322, -72.5960922241211, 20.62734031677246, 3.3989768028259277, -10.119717597961426, 0.0, 0.0, 2.0, 75.38287353515625, 32766.0, 0.0, 0.0, -1.1577807664871216, 0.04906357452273369, 1.3669321537017822, 1.3713157446198696
55311, 0.8857834339141846, -0.46687549352645874, 0.031939368695020676, -0.0005176824051886797, 0.1282130628824234, -1.0256367921829224, 131561.71875, 155783.59375, 84861.4296875, 121704.2890625, 142548.09375, 103348.4921875, 17.168678283691406, -2.4733164310455322, -72.5960922241211, 20.62734031677246, 3.3989768028259277, -10.119717597961426, 0.0, 0.0, 2.0, 77.61094665527344, 32766.0, 0.0, 0.0, -1.156516432762146, 0.0317789651453495, 1.3679231405258179, 1.4019729712056643
55331, 0.8779650330543518, -0.4678443968296051, 0.012846894562244415, -0.08396286517381668, 0.07324574142694473, -0.4899325966835022, 131561.09375, 155781.703125, 84863.3046875, 121711.53125, 142553.140625, 103351.8671875, 17.168678283691406, -2.4733164310455322, -72.5960922241211, 20.62734031677246, 3.3989768028259277, -10.119717597961426, 0.0, 0.0, 2.0, 79.27841186523438, 32766.0, 0.0, 0.0, -1.1574020385742188, 0.02625025063753128, 1.368027687072754, 1.4144537958711851
55351, 0.8732041716575623, -0.46934881806373596, 0.013774290680885315, -0.17897775769233704, -0.003945670090615749, 0.40817493200302124, 131528.46875, 155781.703125, 84850.171875, 121674.8984375, 142532.6875, 103370.46875, 17.168678283691406, -2.4733164310455322, -72.5960922241211, 20.62734031677246, 3.3989768028259277, -10.119717597961426, 0.0, 0.0, 2.0, 79.3497543334961, 32766.0, 0.0, 0.0, -1.157992959022522, 0.030582301318645477, 1.3679965734481812, 1.4146909124966052
55372, 0.8657086491584778, -0.4733133316040039, 0.017128081992268562, -0.19917736947536469, -0.036627233028411865, 0.11502726376056671, 131558.859375, 155783.59375, 84863.3046875, 121775.796875, 142546.828125, 103375.1640625, 17.168678283691406, -2.4733164310455322, -72.5960922241211, 20.62734031677246, 3.3989768028259277, -10.119717597961426, 0.0, 0.0, 2.0, 79.5450439453125, 32766.0, 0.0, 0.0, -1.1590807437896729, 0.03549264743924141, 1.3675349950790405, 1.4171576715015701
55391, 0.863444983959198, -0.4876489043235779, 0.017839059233665466, -0.17431652545928955, -0.10459442436695099, -0.05284127965569496, 131535.8125, 155783.59375, 84890.6484375, 121677.96875, 142555.421875, 103376.671875, 17.168678283691406, -2.4733164310455322, -72.5960922241211, 20.62734031677246, 3.3989768028259277, -10.119717597961426, 0.0, 0.0, 2.0, 79.1819839477539, 170.0, 0.0, 0.0, -1.1596789360046387, 0.0357460081577301, 1.367333173751831, 1.4195424077385979
55412, 0.8607401251792908, -0.48738232254981995, 0.009101764298975468, -0.18238766491413116, -0.08799314498901367, -0.22193412482738495, 131545.40625, 155783.59375, 84889.5859375, 121670.734375, 142553.140625, 103366.3359375, 17.168678283691406, -2.4733164310455322, -72.5960922241211, 20.62734031677246, 3.3989768028259277, -10.119717597961426, 0.0, 0.0, 2.0, 79.03984069824219, 170.0, 0.0, 0.0, -1.160102367401123, 0.030582621693611145, 1.3672747611999512, 1.4093415406030068
55431, 0.8578276634216309, -0.4853288531303406, 0.0037406361661851406, -0.18441183865070343, -0.06795328110456467, -0.3809237778186798, 131553.75, 155781.703125, 84872.6953125, 121685.8671875, 142553.640625, 103377.2265625, 17.168678283691406, -2.4733164310455322, -72.5960922241211, 20.62734031677246, 3.3989768028259277, -10.119717597961426, 0.0, 0.0, 2.0, 78.88014221191406, 170.0, 0.0, 0.0, -1.1608835458755493, 0.024701585993170738, 1.3670660257339478, 1.4068858034709073
55451, 0.8570727109909058, -0.48384425044059753, 0.0002020929241552949, -0.17651009559631348, -0.07911700010299683, 0.007305613253265619, 131535.203125, 155785.5, 84904.8515625, 121715.2578125, 142557.6875, 103382.8671875, 17.168678283691406, -2.4733164310455322, -72.5960922241211, 20.62734031677246, 3.3989768028259277, -10.119717597961426, 0.0, 0.0, 2.0, 78.94994354248047, 167.0, 0.0, 0.0, -1.1604127883911133, 0.025591924786567688, 1.3673138618469238, 1.4097148864256497
55471, 0.8541849851608276, -0.4831950068473816, 0.0013173979241400957, -0.17991411685943604, -0.0753958597779274, -0.004000355955213308, 131594.09375, 155781.703125, 84874.5703125, 121732.5859375, 142555.421875, 103372.5390625, 17.168678283691406, -2.4733164310455322, -72.5960922241211, 20.62734031677246, 3.3989768028259277, -10.119717597961426, 0.0, 0.0, 2.0, 79.11495208740234, 167.0, 0.0, 0.0, -1.1600353717803955, 0.025997521355748177, 1.3671987056732178, 1.408090731386259
55492, 0.8518447875976562, -0.48186320066452026, 0.0010476356837898493, -0.15541766583919525, -0.056028831750154495, -0.09031359106302261, 131548.640625, 155783.59375, 84885.015625, 121675.7734375, 142546.828125, 103377.984375, 17.168678283691406, -2.4733164310455322, -72.5960922241211, 20.62734031677246, 3.3989768028259277, -10.119717597961426, 0.0, 0.0, 2.0, 79.15553283691406, 167.0, 0.0, 0.0, -1.1599427461624146, 0.025582898408174515, 1.3673042058944702, 1.4063810626804985
55512, 0.8487959504127502, -0.48264211416244507, 2.253515413030982e-05, -0.1606140434741974, -0.06295076757669449, -0.033138178288936615, 131609.78125, 155785.5, 84867.0625, 121794.890625, 142549.59375, 103346.984375, 17.168678283691406, -2.4733164310455322, -72.5960922241211, 20.62734031677246, 3.3989768028259277, -10.119717597961426, 0.0, 0.0, 2.0, 79.16554260253906, 158.0, 0.0, 0.0, -1.1599791049957275, 0.025444576516747475, 1.3673957586288452, 1.4087402536829712
55532, 0.8453814387321472, -0.484576940536499, 0.001132975216023624, -0.15537209808826447, -0.06586184352636337, -0.028026867657899857, 131566.578125, 155783.59375, 84880.203125, 121688.0546875, 142555.421875, 103371.78125, 17.168678283691406, -2.4733164310455322, -72.5960922241211, 20.62734031677246, 3.3989768028259277, -10.119717597961426, 0.0, 0.0, 2.0, 79.0989990234375, 158.0, 0.0, 0.0, -1.1599751710891724, 0.025448743253946304, 1.3672685623168945, 1.405456755674616
55551, 0.8421072959899902, -0.48707613348960876, 0.0010494061280041933, -0.14684346318244934, -0.06947499513626099, -0.028546996414661407, 131605.296875, 155781.703125, 84859.796875, 121770.1015625, 142564.0, 103351.8671875, 17.168678283691406, -2.4733164310455322, -72.5960922241211, 20.62734031677246, 3.3989768028259277, -10.119717597961426, 0.0, 0.0, 2.0, 79.00102233886719, 158.0, 0.0, 0.0, -1.1598879098892212, 0.025398584082722664, 1.3673505783081055, 1.4071529889704635
55572, 0.8391453623771667, -0.4875068962574005, 0.002099222270771861, -0.13506613671779633, -0.05665241554379463, -0.013853834010660648, 131580.640625, 155781.703125, 84882.3203125, 121774.484375, 142556.40625, 103362.765625, 17.168678283691406, -2.4733164310455322, -72.5960922241211, 20.62734031677246, 3.3989768028259277, -10.119717597961426, 0.0, 0.0, 2.0, 78.90270233154297, 158.0, 0.0, 0.0, -1.1598269939422607, 0.025470362976193428, 1.3672486543655396, 1.4061741818261435
55592, 0.8360702395439148, -0.4894479513168335, 0.0020184884779155254, -0.1348317563533783, -0.06243802607059479, -0.017649302259087563, 131576.15625, 155783.59375, 84882.3203125, 121724.03125, 142561.734375, 103368.3984375, 17.168678283691406, -2.4733164310455322, -72.5960922241211, 20.62734031677246, 3.3989768028259277, -10.119717597961426, 0.0, 0.0, 2.0, 79.04405212402344, 158.0, 0.0, 0.0, -1.1599844694137573, 0.025279074907302856, 1.3673778772354126, 1.407873923212571
55611, 0.8329786062240601, -0.49182063341140747, 0.002066695364192128, -0.13209807872772217, -0.0683819130063057, -0.010422536171972752, 131569.4375, 155785.5, 84879.3828125, 121808.046875, 142559.953125, 103367.6484375, 17.168678283691406, -2.4733164310455322, -72.5960922241211, 20.62734031677246, 3.3989768028259277, -10.119717597961426, 0.0, 0.0, 2.0, 78.91559600830078, 158.0, 0.0, 0.0, -1.1599446535110474, 0.02530144527554512, 1.367264986038208, 1.406736528968043
55631, 0.8301279544830322, -0.49359166622161865, 0.002134901937097311, -0.12647825479507446, -0.0671929195523262, -0.012976511381566525, 131558.234375, 155781.703125, 84898.9765625, 121689.59375, 142562.234375, 103393.765625, 17.168678283691406, -2.4733164310455322, -72.5960922241211, 20.62734031677246, 3.3989768028259277, -10.119717597961426, 0.0, 0.0, 2.0, 78.87174224853516, 157.0, 0.0, 0.0, -1.1598864793777466, 0.0254179909825325, 1.3672891855239868, 1.4075928522646688
55651, 0.8272948265075684, -0.4956810176372528, 0.002211137907579541, -0.12517784535884857, -0.07182265818119049, -0.008359363302588463, 131577.78125, 155783.59375, 84886.890625, 121777.3359375, 142563.515625, 103377.984375, 17.168678283691406, -2.4733164310455322, -72.5960922241211, 20.62734031677246, 3.3989768028259277, -10.119717597961426, 0.0, 0.0, 2.0, 78.82380676269531, 157.0, 0.0, 0.0, -1.1598901748657227, 0.02546805515885353, 1.3672631978988647, 1.4077114636413302
55671, 0.8248355388641357, -0.4971112906932831, 0.001107892720028758, -0.13157762587070465, -0.07967306673526764, -0.01307571679353714, 131557.609375, 155781.703125, 84900.8515625, 121677.96875, 142555.421875, 103387.0, 17.168678283691406, -2.4733164310455322, -72.5960922241211, 20.62734031677246, 3.3989768028259277, -10.119717597961426, 0.0, 0.0, 2.0, 78.81777954101562, 158.0, 0.0, 0.0, -1.1598715782165527, 0.025341227650642395, 1.367261290550232, 1.4066525333816715
55691, 0.8221343755722046, -0.4987865090370178, 0.0008395893964916468, -0.1384686380624771, -0.08775754272937775, -0.016008256003260612, 131573.296875, 155781.703125, 84885.8359375, 121775.796875, 142562.734375, 103371.03125, 17.168678283691406, -2.4733164310455322, -72.5960922241211, 20.62734031677246, 3.3989768028259277, -10.119717597961426, 0.0, 0.0, 2.0, 78.82463073730469, 158.0, 0.0, 0.0, -1.1598317623138428, 0.025375384837388992, 1.367189884185791, 1.4058261689821876
55711, 0.8191204071044922, -0.5014680624008179, 0.0015496432315558195, -0.1284485012292862, -0.08501717448234558, -0.005879799369722605, 131576.15625, 155783.59375, 84880.4453125, 121700.5625, 142568.546875, 103373.8515625, 17.168678283691406, -2.4733164310455322, -72.5960922241211, 20.62734031677246, 3.3989768028259277, -10.119717597961426, 0.0, 0.0, 2.0, 78.74232482910156, 158.0, 0.0, 0.0, -1.1598761081695557, 0.025484606623649597, 1.3673783540725708, 1.4074952881548999
55731, 0.8163971304893494, -0.5041788816452026, 0.0019150061998516321, -0.11621424555778503, -0.08163590729236603, -0.00617912458255887, 131565.578125, 155783.59375, 84880.203125, 121748.8203125, 142562.734375, 103357.3125, 17.168678283691406, -2.4733164310455322, -72.5960922241211, 20.62734031677246, 3.3989768028259277, -10.119717597961426, 0.0, 0.0, 2.0, 78.64836120605469, 157.0, 0.0, 0.0, -1.1599637269973755, 0.025370139628648758, 1.3674051761627197, 1.4079602709867847
55751, 0.8139438629150391, -0.5059236288070679, 0.001087775221094489, -0.1221163421869278, -0.08935238420963287, -0.00800360832363367, 131605.296875, 155781.703125, 84871.0625, 121771.4140625, 142560.453125, 103350.359375, 17.168678283691406, -2.4733164310455322, -72.5960922241211, 20.62734031677246, 3.3989768028259277, -10.119717597961426, 0.0, 0.0, 2.0, 78.65409088134766, 157.0, 0.0, 0.0, -1.1599266529083252, 0.02533622644841671, 1.3673304319381714, 1.4073972063733895
55771, 0.8115838170051575, -0.5080804228782654, 0.0013788363430649042, -0.11196459829807281, -0.0836511105298996, -0.005836185067892075, 131576.15625, 155787.390625, 84875.3828125, 121737.1953125, 142566.78125, 103363.515625, 17.168678283691406, -2.4733164310455322, -72.5960922241211, 20.62734031677246, 3.3989768028259277, -10.119717597961426, 0.0, 0.0, 2.0, 78.59281158447266, 157.0, 0.0, 0.0, -1.1599960327148438, 0.025502055883407593, 1.3672775030136108, 1.4056567129753794
55792, 0.8094855546951294, -0.5099680423736572, 0.0022753304801881313, -0.10203570872545242, -0.07681044191122055, -0.0003983992792200297, 131596.953125, 155787.390625, 84874.5703125, 121822.09375, 142565.0, 103353.9375, 17.168678283691406, -2.4733164310455322, -72.5960922241211, 20.62734031677246, 3.3989768028259277, -10.119717597961426, 0.0, 0.0, 2.0, 78.54737854003906, 157.0, 0.0, 0.0, -1.1598576307296753, 0.02550269290804863, 1.3671962022781372, 1.4056854887742394
55811, 0.8076754212379456, -0.5114907622337341, 0.0026095209177583456, -0.0928121879696846, -0.06902382522821426, 0.003641655668616295, 131573.296875, 155785.5, 84882.3203125, 121749.4765625, 142565.0, 103358.8203125, 17.168678283691406, -2.4733164310455322, -72.5960922241211, 20.62734031677246, 3.3989768028259277, -10.119717597961426, 0.0, 0.0, 2.0, 78.5073471069336, 157.0, 0.0, 0.0, -1.1598857641220093, 0.025356262922286987, 1.367300271987915, 1.4064180047607984
55831, 0.8058770895004272, -0.5147464871406555, 0.0028314818628132343, -0.0824139192700386, -0.07783865928649902, 0.002069276524707675, 131583.515625, 155783.59375, 84877.5078125, 121772.2890625, 142560.453125, 103373.09375, 17.168678283691406, -2.4733164310455322, -72.5960922241211, 20.62734031677246, 3.3989768028259277, -10.119717597961426, 0.0, 0.0, 2.0, 78.37769317626953, 157.0, 0.0, 0.0, -1.1598984003067017, 0.025294985622167587, 1.3672853708267212, 1.4065882285786147
55851, 0.8045190572738647, -0.5152373909950256, 0.0023651407100260258, -0.07880372554063797, -0.06729152798652649, 0.002405479084700346, 131575.546875, 155781.703125, 84874.5703125, 121773.6015625, 142564.5, 103366.3359375, 17.168678283691406, -2.4733164310455322, -72.5960922241211, 20.62734031677246, 3.3989768028259277, -10.119717597961426, 0.0, 0.0, 2.0, 78.3952865600586, 158.0, 0.0, 0.0, -1.1599533557891846, 0.025350114330649376, 1.3673601150512695, 1.4080119284085764
55871, 0.803005576133728, -0.5165501236915588, 0.002492727478966117, -0.0790381133556366, -0.0685257688164711, 0.00131142174359411, 131574.546875, 155787.390625, 84877.265625, 121714.375, 142564.5, 103380.046875, 17.168678283691406, -2.4733164310455322, -72.5960922241211, 20.62734031677246, 3.3989768028259277, -10.119717597961426, 0.0, 0.0, 2.0, 78.38160705566406, 158.0, 0.0, 0.0, -1.1599116325378418, 0.025314409285783768, 1.3672927618026733, 1.4067403510561944
55891, 0.8014147281646729, -0.5179305672645569, 0.0014864610275253654, -0.08265959471464157, -0.07398974150419235, -0.004025723319500685, 131582.265625, 155789.296875, 84874.8125, 121786.109375, 142570.828125, 103365.7734375, 17.168678283691406, -2.4733164310455322, -72.5960922241211, 20.62734031677246, 3.3989768028259277, -10.119717597961426, 0.0, 0.0, 2.0, 78.38680267333984, 158.0, 0.0, 0.0, -1.1599150896072388, 0.0253205057233572, 1.3672704696655273, 1.4066614645768316
55911, 0.7999607920646667, -0.5195982456207275, 0.001582849188707769, -0.07906606793403625, -0.07437486946582794, -0.0024346262216567993, 131576.15625, 155783.59375, 84875.6328125, 121737.1953125, 142569.046875, 103379.4921875, 17.168678283691406, -2.4733164310455322, -72.5960922241211, 20.62734031677246, 3.3989768028259277, -10.119717597961426, 0.0, 0.0, 2.0, 78.34713745117188, 155.0, 0.0, 0.0, -1.1598445177078247, 0.025407301262021065, 1.367247223854065, 1.4067606637248449
55931, 0.7983441948890686, -0.5211341381072998, 0.0013004563516005874, -0.08286469429731369, -0.0799974724650383, -0.004469042643904686, 131588.984375, 155785.5, 84870.0, 121783.9140625, 142566.78125, 103357.3125, 17.168678283691406, -2.4733164310455322, -72.5960922241211, 20.62734031677246, 3.3989768028259277, -10.119717597961426, 0.0, 0.0, 2.0, 78.35433959960938, 155.0, 0.0, 0.0, -1.159977912902832, 0.02540445327758789, 1.367249846458435, 1.4061292642048626
55952, 0.7971953749656677, -0.522661030292511, 0.001517674420028925, -0.07481841742992401, -0.07507521659135818, -0.0010383740300312638, 131585.75, 155783.59375, 84873.75, 121722.4921875, 142564.5, 103363.515625, 17.168678283691406, -2.4733164310455322, -72.5960922241211, 20.62734031677246, 3.3989768028259277, -10.119717597961426, 0.0, 0.0, 2.0, 78.30458068847656, 155.0, 0.0, 0.0, -1.159924864768982, 0.025350481271743774, 1.3673492670059204, 1.4085823290586899
55972, 0.7959262728691101, -0.5237641334533691, 0.0013799865264445543, -0.07378736883401871, -0.07293157279491425, -0.0032935889903455973, 131582.890625, 155781.703125, 84879.3828125, 121783.9140625, 142569.046875, 103356.0, 17.168678283691406, -2.4733164310455322, -72.5960922241211, 20.62734031677246, 3.3989768028259277, -10.119717597961426, 0.0, 0.0, 2.0, 78.29618835449219, 157.0, 0.0, 0.0, -1.1599254608154297, 0.025251643732190132, 1.367263913154602, 1.4074025336069378
55992, 0.7947256565093994, -0.5251973867416382, 0.001427230192348361, -0.07212284952402115, -0.07404161989688873, -0.0015003193402662873, 131582.890625, 155783.59375, 84872.6953125, 121777.3359375, 142562.734375, 103348.296875, 17.168678283691406, -2.4733164310455322, -72.5960922241211, 20.62734031677246, 3.3989768028259277, -10.119717597961426, 0.0, 0.0, 2.0, 78.27837371826172, 157.0, 0.0, 0.0, -1.1598842144012451, 0.025330163538455963, 1.3673031330108643, 1.407049866275924
56011, 0.7940245270729065, -0.5261926651000977, 0.0017153306398540735, -0.06291140615940094, -0.0655951276421547, -0.0002205352793680504, 131582.890625, 155781.703125, 84868.9375, 121758.25, 142573.59375, 103359.3828125, 17.168678283691406, -2.4733164310455322, -72.5960922241211, 20.62734031677246, 3.3989768028259277, -10.119717597961426, 0.0, 0.0, 2.0, 78.23137664794922, 158.0, 0.0, 0.0, -1.159906268119812, 0.02541249990463257, 1.3672524690628052, 1.4061854320310592
56031, 0.7933773994445801, -0.527409553527832, 0.00242650811560452, -0.05633707344532013, -0.06309998035430908, 0.003538900287821889, 131580.640625, 155785.5, 84874.5703125, 121815.2890625, 142560.953125, 103366.8984375, 17.168678283691406, -2.4733164310455322, -72.5960922241211, 20.62734031677246, 3.3989768028259277, -10.119717597961426, 0.0, 0.0, 2.0, 78.19536590576172, 158.0, 0.0, 0.0, -1.1599262952804565, 0.02530723437666893, 1.3673139810562134, 1.4064508557076785
56051, 0.7926053404808044, -0.5283997058868408, 0.0025976942852139473, -0.053534720093011856, -0.06159475818276405, 0.0045812539756298065, 131585.75, 155781.703125, 84866.2421875, 121745.96875, 142563.234375, 103366.3359375, 17.168678283691406, -2.4733164310455322, -72.5960922241211, 20.62734031677246, 3.3989768028259277, -10.119717597961426, 0.0, 0.0, 2.0, 78.1720962524414, 158.0, 0.0, 0.0, -1.159962773323059, 0.025230245664715767, 1.3672741651535034, 1.4051532072169106
56071, 0.7918299436569214, -0.5291702151298523, 0.002079317346215248, -0.05184422805905342, -0.05896712839603424, 0.000554173719137907, 131586.75, 155779.8125, 84871.875, 121773.6015625, 142565.0, 103372.5390625, 17.168678283691406, -2.4733164310455322, -72.5960922241211, 20.62734031677246, 3.3989768028259277, -10.119717597961426, 0.0, 0.0, 2.0, 78.1623306274414, 157.0, 0.0, 0.0, -1.1600661277770996, 0.02517777495086193, 1.3672782182693481, 1.4064191397852022
56091, 0.7907676696777344, -0.5303919911384583, 0.002102183410897851, -0.05439470708370209, -0.06320835649967194, 0.0018136858707293868, 131579.03125, 155783.59375, 84871.0625, 121758.25, 142558.6875, 103368.9609375, 17.168678283691406, -2.4733164310455322, -72.5960922241211, 20.62734031677246, 3.3989768028259277, -10.119717597961426, 0.0, 0.0, 2.0, 78.1608657836914, 157.0, 0.0, 0.0, -1.1598936319351196, 0.025270935148000717, 1.367265224456787, 1.4068847189748952
56111, 0.7902888655662537, -0.531266987323761, 0.0021703303791582584, -0.0493549183011055, -0.059794653207063675, 0.0007299197604879737, 131583.515625, 155785.5, 84867.0625, 121722.4921875, 142562.734375, 103371.78125, 17.168678283691406, -2.4733164310455322, -72.5960922241211, 20.62734031677246, 3.3989768028259277, -10.119717597961426, 0.0, 0.0, 2.0, 78.13011169433594, 157.0, 0.0, 0.0, -1.1598774194717407, 0.02532723732292652, 1.3672621250152588, 1.4066602693827102
56131, 0.7898474931716919, -0.5319444537162781, 0.0023162083234637976, -0.04487363249063492, -0.05552786588668823, 0.0021442968863993883, 131582.890625, 155781.703125, 84867.0625, 121783.2578125, 142569.046875, 103372.34375, 17.168678283691406, -2.4733164310455322, -72.5960922241211, 20.62734031677246, 3.3989768028259277, -10.119717597961426, 0.0, 0.0, 2.0, 78.10783386230469, 155.0, 0.0, 0.0, -1.1598620414733887, 0.02536681666970253, 1.3671915531158447, 1.4060813561720504
56151, 0.789283812046051, -0.5326374173164368, 0.0030755791813135147, -0.042931314557790756, -0.05334896221756935, 0.00608328590169549, 131583.515625, 155783.59375, 84868.9375, 121745.0859375, 142564.5, 103356.0, 17.168678283691406, -2.4733164310455322, -72.5960922241211, 20.62734031677246, 3.3989768028259277, -10.119717597961426, 0.0, 0.0, 2.0, 78.08614349365234, 155.0, 0.0, 0.0, -1.1599336862564087, 0.025325171649456024, 1.3673033714294434, 1.4067039489939293
56171, 0.7886643409729004, -0.5332965850830078, 0.003278300864621997, -0.041356220841407776, -0.05055484175682068, 0.006037058774381876, 131592.46875, 155785.5, 84871.0625, 121797.9609375, 142562.734375, 103353.9375, 17.168678283691406, -2.4733164310455322, -72.5960922241211, 20.62734031677246, 3.3989768028259277, -10.119717597961426, 0.0, 0.0, 2.0, 78.07218933105469, 155.0, 0.0, 0.0, -1.1599363088607788, 0.025245442986488342, 1.3673095703125, 1.406886600206481
56191, 0.7878010272979736, -0.5343775749206543, 0.004455914255231619, -0.04354250058531761, -0.05435007065534592, 0.012428204528987408, 131586.375, 155781.703125, 84864.3671875, 121747.28125, 142563.234375, 103351.1171875, 17.168678283691406, -2.4733164310455322, -72.5960922241211, 20.62734031677246, 3.3989768028259277, -10.119717597961426, 0.0, 0.0, 2.0, 78.06828308105469, 157.0, 0.0, 0.0, -1.15996253490448, 0.025348538532853127, 1.367358922958374, 1.408016670448911
56212, 0.7872409820556641, -0.5352973937988281, 0.004733913578093052, -0.042284879833459854, -0.055111657828092575, 0.011888151988387108, 131589.609375, 155781.703125, 84871.0625, 121805.859375, 142564.5, 103351.8671875, 17.168678283691406, -2.4733164310455322, -72.5960922241211, 20.62734031677246, 3.3989768028259277, -10.119717597961426, 0.0, 0.0, 2.0, 78.05928039550781, 157.0, 0.0, 0.0, -1.1599183082580566, 0.025299059227108955, 1.3673030138015747, 1.4067224526547657
56231, 0.7870118021965027, -0.5355878472328186, 0.005126381758600473, -0.03759309649467468, -0.04867665469646454, 0.014034231193363667, 131581.890625, 155781.703125, 84863.3046875, 121779.53125, 142565.5, 103344.359375, 17.168678283691406, -2.4733164310455322, -72.5960922241211, 20.62734031677246, 3.3989768028259277, -10.119717597961426, 0.0, 0.0, 2.0, 78.03424072265625, 157.0, 0.0, 0.0, -1.1598869562149048, 0.025299612432718277, 1.3671762943267822, 1.4064975574536074
56251, 0.7865051031112671, -0.536392092704773, 0.004913832526654005, -0.03681892156600952, -0.049441657960414886, 0.010548089630901814, 131592.84375, 155785.5, 84865.4296875, 121782.6015625, 142565.0, 103356.7578125, 17.168678283691406, -2.4733164310455322, -72.5960922241211, 20.62734031677246, 3.3989768028259277, -10.119717597961426, 0.0, 0.0, 2.0